   0.00000000       0.00000000    
   8.0000000000000004E-004   3.3316873824721753     
   1.6000000000000001E-003   6.5498773226573457     
   2.4000000000000002E-003   9.6577398504228338     
   3.2000000000000002E-003   12.658365890130044     
   4.0000000000000001E-003   15.554768967679756     
   4.8000000000000004E-003   18.349886950640659     
   5.5999999999999999E-003   21.046583778024850     
   6.4000000000000003E-003   23.647651166424716     
   7.2000000000000007E-003   26.155810287022661     
   8.0000000000000002E-003   28.573713410954401     
   8.8000000000000005E-003   30.903945521872686     
   9.6000000000000009E-003   33.149025895267151     
   1.0400000000000001E-002   35.311409644493750     
   1.1200000000000000E-002   37.393489233704443     
   1.2000000000000000E-002   39.397595958014854     
   1.2800000000000001E-002   41.326001391340490     
   1.3600000000000001E-002   43.180918802392760     
   1.4400000000000001E-002   44.964504539364853     
   1.5200000000000000E-002   46.678859383861536     
   1.6000000000000000E-002   48.326029874642465     
   1.6800000000000002E-002   49.908009601756284     
   1.7600000000000001E-002   51.426740471645545     
   1.8400000000000000E-002   52.884113943803378     
   1.9200000000000002E-002   54.281972239558591     
   2.0000000000000000E-002   55.622109523562344     
   2.0800000000000003E-002   56.906273058542901     
   2.1600000000000001E-002   58.136164333887926     
   2.2400000000000000E-002   59.313440168606355     
   2.3200000000000002E-002   60.439713789212853     
   2.4000000000000000E-002   61.516555883069657     
   2.4800000000000003E-002   62.545495627711475     
   2.5600000000000001E-002   63.528021696669597     
   2.6400000000000000E-002   64.465583242302117     
   2.7200000000000002E-002   65.359590856128108     
   2.8000000000000001E-002   66.211417507153854     
   2.8800000000000003E-002   67.022399458669696     
   2.9600000000000001E-002   67.793837163987135     
   3.0400000000000000E-002   68.526996141576433     
   3.1200000000000002E-002   69.223107830055312     
   3.2000000000000001E-002   69.883370423471092     
   3.2800000000000003E-002   70.508949687308856     
   3.3600000000000005E-002   71.100979755649902     
   3.4400000000000000E-002   71.660563909895771     
   3.5200000000000002E-002   72.188775339464527     
   3.6000000000000004E-002   72.686657884858064     
   3.6799999999999999E-002   73.155226763489651     
   3.7600000000000001E-002   73.595469278654434     
   3.8400000000000004E-002   74.008345512016177     
   3.9199999999999999E-002   74.394788999976612     
   4.0000000000000001E-002   74.755707394284954     
   4.0800000000000003E-002   75.091983107239230     
   4.1600000000000005E-002   75.404473941821649     
   4.2400000000000000E-002   75.694013707104659     
   4.3200000000000002E-002   75.961412819255756     
   4.4000000000000004E-002   76.207458888463449     
   4.4800000000000000E-002   76.432917292098594     
   4.5600000000000002E-002   76.638531734419573     
   4.6400000000000004E-002   76.825024793122552     
   4.7199999999999999E-002   76.993098453032061     
   4.8000000000000001E-002   77.143434627220060     
   4.8800000000000003E-002   77.276695665836371     
   4.9600000000000005E-002   77.393524852926646     
   5.0400000000000000E-002   77.494546891507895     
   5.1200000000000002E-002   77.580368377166508     
   5.2000000000000005E-002   77.651578260437319     
   5.2800000000000000E-002   77.708748298216662     
   5.3600000000000002E-002   77.752433494457406     
   5.4400000000000004E-002   77.783172530388043     
   5.5200000000000006E-002   77.801488184492854     
   5.6000000000000001E-002   77.807887742484738     
   5.6800000000000003E-002   77.802863397498271     
   5.7600000000000005E-002   77.786892640723437     
   5.8400000000000001E-002   77.760438642698702     
   5.9200000000000003E-002   77.723950625474203     
   6.0000000000000005E-002   77.677864225853483     
   6.0800000000000000E-002   77.622601849916606     
   6.1600000000000002E-002   77.558573019023299     
   6.2400000000000004E-002   77.486174707490122     
   6.3200000000000006E-002   77.405791672132167     
   6.4000000000000001E-002   77.317796773854553     
   6.4799999999999996E-002   77.222551291475781     
   6.5600000000000006E-002   77.120405227960674     
   6.6400000000000001E-002   77.011697609236549     
   6.7200000000000010E-002   76.896756775762682     
   6.8000000000000005E-002   76.775900667019656     
   6.8800000000000000E-002   76.649437099080259     
   6.9600000000000009E-002   76.517664035422328     
   7.0400000000000004E-002   76.380869851137462     
   7.1199999999999999E-002   76.239333590688872     
   7.2000000000000008E-002   76.093325219366434     
   7.2800000000000004E-002   75.943105868584453     
   7.3599999999999999E-002   75.788928075164307     
   7.4400000000000008E-002   75.631036014740971     
   7.5200000000000003E-002   75.469665729429508     
   7.5999999999999998E-002   75.305045349883997     
   7.6800000000000007E-002   75.137395311879573     
   7.7600000000000002E-002   74.966928567543761     
   7.8399999999999997E-002   74.793850791362061     
   7.9200000000000007E-002   74.618360581079003     
   8.0000000000000002E-002   74.440649653613178     
   8.0800000000000011E-002   74.260903036103016     
   8.1600000000000006E-002   74.079299252195867     
   8.2400000000000001E-002   73.896010503692423     
   8.3200000000000010E-002   73.711202847654235     
   8.4000000000000005E-002   73.525036369080595     
   8.4800000000000000E-002   73.337665349258884     
   8.5600000000000009E-002   73.149238429888825     
   8.6400000000000005E-002   72.959898773081122     
   8.7200000000000000E-002   72.769784217325935     
   8.8000000000000009E-002   72.579027429526960     
   8.8800000000000004E-002   72.387756053193158     
   8.9599999999999999E-002   72.196092852878834     
   9.0400000000000008E-002   72.004155854960487     
   9.1200000000000003E-002   71.812058484836811     
   9.1999999999999998E-002   71.619909700636669     
   9.2800000000000007E-002   71.427814123517180     
   9.3600000000000003E-002   71.235872164633093     
   9.4399999999999998E-002   71.044180148856313     
   9.5200000000000007E-002   70.852830435322446     
   9.6000000000000002E-002   70.661911534880161     
   9.6800000000000011E-002   70.471508224516612     
   9.7600000000000006E-002   70.281701658831508     
   9.8400000000000001E-002   70.092569478629628     
   9.9200000000000010E-002   69.904185916701024     
  0.10000000000000001        69.716621900855955     
  0.10080000000000000        69.529945154280199     
  0.10160000000000001        69.344220293275157     
  0.10240000000000000        69.159508922445255     
  0.10320000000000000        68.975869727394155     
  0.10400000000000001        68.793358564989603     
  0.10480000000000000        68.612028551255477     
  0.10560000000000000        68.431930146948247     
  0.10640000000000001        68.253111240873864     
  0.10720000000000000        68.075617230999384     
  0.10800000000000000        67.899491103413254     
  0.10880000000000001        67.724773509185724     
  0.10960000000000000        67.551502839181097     
  0.11040000000000001        67.379715296870856     
  0.11120000000000001        67.209444969196909     
  0.11200000000000000        67.040723895532238     
  0.11280000000000001        66.873582134785195     
  0.11360000000000001        66.708047830693275     
  0.11440000000000000        66.544147275350142     
  0.11520000000000001        66.381904971009774     
  0.11600000000000001        66.221343690209338     
  0.11680000000000000        66.062484534252889     
  0.11760000000000001        65.905346990095538     
  0.11840000000000001        65.749948985667999     
  0.11920000000000000        65.596306943679778     
  0.12000000000000001        65.444435833938797     
  0.12080000000000000        65.294349224223964     
  0.12160000000000000        65.146059329746805     
  0.12240000000000001        64.999577061237048     
  0.12320000000000000        64.854912071686613     
  0.12400000000000000        64.712072801785041     
  0.12480000000000001        64.571066524079555     
  0.12560000000000002        64.431899385891228     
  0.12640000000000001        64.294576451018457     
  0.12720000000000001        64.159101740258507     
  0.12800000000000000        64.025478270776290     
  0.12880000000000000        63.893708094349947     
  0.12959999999999999        63.763792334521114     
  0.13040000000000002        63.635731222677684     
  0.13120000000000001        63.509524133096299     
  0.13200000000000001        63.385169616970586     
  0.13280000000000000        63.262665435451005     
  0.13360000000000000        63.142008591721762     
  0.13440000000000002        63.023195362138722     
  0.13520000000000001        62.906221326453036     
  0.13600000000000001        62.791081397143081     
  0.13680000000000000        62.677769847878324     
  0.13760000000000000        62.566280341136860     
  0.13840000000000000        62.456605954998658     
  0.13920000000000002        62.348739209135736     
  0.14000000000000001        62.242672090019873     
  0.14080000000000001        62.138396075368483     
  0.14160000000000000        62.035902157847822     
  0.14240000000000000        61.935180868053422     
  0.14319999999999999        61.836222296786289     
  0.14400000000000002        61.739016116643199     
  0.14480000000000001        61.643551602939247     
  0.14560000000000001        61.549817653979979     
  0.14640000000000000        61.457802810700265     
  0.14720000000000000        61.367495275686636     
  0.14800000000000002        61.278882931599199     
  0.14880000000000002        61.191953359009339     
  0.14960000000000001        61.106693853668268     
  0.15040000000000001        61.023091443221894     
  0.15120000000000000        60.941132903386659     
  0.15200000000000000        60.860804773600684     
  0.15280000000000002        60.782093372164340     
  0.15360000000000001        60.704984810883886     
  0.15440000000000001        60.629465009231744     
  0.15520000000000000        60.555519708036073     
  0.15600000000000000        60.483134482712764     
  0.15679999999999999        60.412294756052091     
  0.15760000000000002        60.342985810572102     
  0.15840000000000001        60.275192800450576     
  0.15920000000000001        60.208900763047225     
  0.16000000000000000        60.144094630027205     
  0.16080000000000000        60.080759238096768     
  0.16160000000000002        60.018879339362272     
  0.16240000000000002        59.958439611322326     
  0.16320000000000001        59.899424666503762     
  0.16400000000000001        59.841819061750947     
  0.16480000000000000        59.785607307178431     
  0.16560000000000000        59.730773874796220     
  0.16640000000000002        59.677303206816717     
  0.16720000000000002        59.625179723652636     
  0.16800000000000001        59.574387831614388     
  0.16880000000000001        59.524911930315341     
  0.16960000000000000        59.476736419793724     
  0.17040000000000000        59.429845707358787     
  0.17120000000000002        59.384224214169322     
  0.17200000000000001        59.339856381552323     
  0.17280000000000001        59.296726677069067     
  0.17360000000000000        59.254819600336134     
  0.17440000000000000        59.214119688608370     
  0.17519999999999999        59.174611522130810     
  0.17600000000000002        59.136279729266178     
  0.17680000000000001        59.099108991404918     
  0.17760000000000001        59.063084047663615     
  0.17840000000000000        59.028189699378622     
  0.17920000000000000        58.994410814400709     
  0.18000000000000002        58.961732331196686     
  0.18080000000000002        58.930139262763916     
  0.18160000000000001        58.899616700363126     
  0.18240000000000001        58.870149817075436     
  0.18320000000000000        58.841723871188393     
  0.18400000000000000        58.814324209416689     
  0.18480000000000002        58.787936269962501     
  0.18560000000000001        58.762545585420277     
  0.18640000000000001        58.738137785530917     
  0.18720000000000001        58.714698599790019     
  0.18800000000000000        58.692213859914766     
  0.18880000000000000        58.670669502173780     
  0.18960000000000002        58.650051569584548     
  0.19040000000000001        58.630346213982264     
  0.19120000000000001        58.611539697964538     
  0.19200000000000000        58.593618396715712     
  0.19280000000000000        58.576568799714906     
  0.19360000000000002        58.560377512331300     
  0.19440000000000002        58.545031257310583     
  0.19520000000000001        58.530516876156049     
  0.19600000000000001        58.516821330407879     
  0.19680000000000000        58.503931702823763     
  0.19760000000000000        58.491835198464685     
  0.19840000000000002        58.480519145688497     
  0.19920000000000002        58.469970997054766     
  0.20000000000000001        58.460178330143918     
  0.20080000000000001        58.451128848293457     
  0.20160000000000000        58.442810381254290     
  0.20240000000000000        58.435210885769933     
  0.20320000000000002        58.428318446081263     
  0.20400000000000001        58.422121274359476     
  0.20480000000000001        58.416607711069865     
  0.20560000000000000        58.411766225268984     
  0.20640000000000000        58.407585414837399     
  0.20720000000000002        58.404054006650497     
  0.20800000000000002        58.401160856690026     
  0.20880000000000001        58.398894950097741     
  0.20960000000000001        58.397245401174267     
  0.21040000000000000        58.396201453324672     
  0.21120000000000000        58.395752478953035     
  0.21200000000000002        58.395887979307915     
  0.21280000000000002        58.396597584280705     
  0.21360000000000001        58.397871052158742     
  0.21440000000000001        58.399698269334998     
  0.21520000000000000        58.402069249976158     
  0.21600000000000000        58.404974135650484     
  0.21680000000000002        58.408403194917909     
  0.21760000000000002        58.412346822882952     
  0.21840000000000001        58.416795540712904     
  0.21920000000000001        58.421739995122287     
  0.22000000000000000        58.427170957825361     
  0.22080000000000002        58.433079324957838     
  0.22160000000000002        58.439456116469501     
  0.22240000000000001        58.446292475488903     
  0.22320000000000001        58.453579667661380     
  0.22400000000000000        58.461309080461859     
  0.22480000000000000        58.469472222483596     
  0.22560000000000002        58.478060722703972     
  0.22640000000000002        58.487066329728620     
  0.22720000000000001        58.496480911014935     
  0.22800000000000001        58.506296452076000     
  0.22880000000000000        58.516505055666286     
  0.22960000000000000        58.527098940949578     
  0.23040000000000002        58.538070442650806     
  0.23120000000000002        58.549412010192064     
  0.23200000000000001        58.561116206814390     
  0.23280000000000001        58.573175708685653     
  0.23360000000000000        58.585583303995634     
  0.23440000000000003        58.598331892039425     
  0.23520000000000002        58.611414482289355     
  0.23600000000000002        58.624824193456810     
  0.23680000000000001        58.638554252544310     
  0.23760000000000001        58.652597993888897     
  0.23840000000000000        58.666948858197138     
  0.23920000000000002        58.681600391572935     
  0.24000000000000002        58.696546244538411     
  0.24080000000000001        58.711780171048616     
  0.24160000000000001        58.727296027500813     
  0.24240000000000000        58.743087771738729     
  0.24320000000000000        58.759149462052569     
  0.24400000000000002        58.775475256175113     
  0.24480000000000002        58.792059410274611     
  0.24560000000000001        58.808896277944974     
  0.24640000000000001        58.825980309193696     
  0.24720000000000000        58.843306049428016     
  0.24800000000000000        58.860868138439763     
  0.24880000000000002        58.878661309389457     
  0.24960000000000002        58.896680387789800     
  0.25040000000000001        58.914920290489469     
  0.25120000000000003        58.933376024657001     
  0.25200000000000000        58.952042686765630     
  0.25280000000000002        58.970915461579260     
  0.25359999999999999        58.989989621139920     
  0.25440000000000002        59.009260523757078     
  0.25520000000000004        59.028723612999137     
  0.25600000000000001        59.048374416687352     
  0.25680000000000003        59.068208545892659     
  0.25760000000000000        59.088221693935473     
  0.25840000000000002        59.108409635388952     
  0.25919999999999999        59.128768225085672     
  0.26000000000000001        59.149293397128424     
  0.26080000000000003        59.169981163905007     
  0.26160000000000000        59.190827615107317     
  0.26240000000000002        59.211828916755124     
  0.26319999999999999        59.232981310224453     
  0.26400000000000001        59.254281111281202     
  0.26480000000000004        59.275724709119658     
  0.26560000000000000        59.297308565406517     
  0.26640000000000003        59.319029213330495     
  0.26719999999999999        59.340883256657378     
  0.26800000000000002        59.362867368791200     
  0.26880000000000004        59.384978291841314     
  0.26960000000000001        59.407212835695468     
  0.27040000000000003        59.429567877099387     
  0.27120000000000000        59.452040358742615     
  0.27200000000000002        59.474627288350817     
  0.27279999999999999        59.497325737784884     
  0.27360000000000001        59.520132842146623     
  0.27440000000000003        59.543045798891313     
  0.27520000000000000        59.566061866947123     
  0.27600000000000002        59.589178365841811     
  0.27679999999999999        59.612392674836059     
  0.27760000000000001        59.635702232064340     
  0.27840000000000004        59.659104533682950     
  0.27920000000000000        59.682597133025027     
  0.28000000000000003        59.706177639763474     
  0.28079999999999999        59.729843719080748     
  0.28160000000000002        59.753593090846401     
  0.28240000000000004        59.777423528802068     
  0.28320000000000001        59.801332859753970     
  0.28400000000000003        59.825318962772954     
  0.28480000000000000        59.849379768402159     
  0.28560000000000002        59.873513257872389     
  0.28639999999999999        59.897717462324991     
  0.28720000000000001        59.921990462042501     
  0.28800000000000003        59.946330385686977     
  0.28880000000000000        59.970735409545973     
  0.28960000000000002        59.995203756786303     
  0.29039999999999999        60.019733696715328     
  0.29120000000000001        60.044323544050293     
  0.29200000000000004        60.068971658195025     
  0.29280000000000000        60.093676442524547     
  0.29360000000000003        60.118436343677260     
  0.29440000000000000        60.143249850855021     
  0.29520000000000002        60.168115495130685     
  0.29600000000000004        60.193031848763425     
  0.29680000000000001        60.217997524521685     
  0.29760000000000003        60.243011175013734     
  0.29840000000000000        60.268071492025847     
  0.29920000000000002        60.293177205868147     
  0.29999999999999999        60.318327084727876     
  0.30080000000000001        60.343519934030283     
  0.30160000000000003        60.368754595806976     
  0.30240000000000000        60.394029948071804     
  0.30320000000000003        60.419344904204152     
  0.30399999999999999        60.444698412339577     
  0.30480000000000002        60.470089454767944     
  0.30560000000000004        60.495517047338772     
  0.30640000000000001        60.520980238874024     
  0.30720000000000003        60.546478110587927     
  0.30800000000000000        60.572009775514324     
  0.30880000000000002        60.597574377940816     
  0.30960000000000004        60.623171092850392     
  0.31040000000000001        60.648799125369919     
  0.31120000000000003        60.674457710225781     
  0.31200000000000000        60.700146111206422     
  0.31280000000000002        60.725863620631927     
  0.31359999999999999        60.751609558830452     
  0.31440000000000001        60.777383273621517     
  0.31520000000000004        60.803184139806028     
  0.31600000000000000        60.829011558663204     
  0.31680000000000003        60.854864957454033     
  0.31759999999999999        60.880743788931476     
  0.31840000000000002        60.906647530857242     
  0.31920000000000004        60.932575685525052     
  0.32000000000000001        60.958527779290492     
  0.32080000000000003        60.984503362107127     
  0.32160000000000000        61.010502007069292     
  0.32240000000000002        61.036523309960778     
  0.32320000000000004        61.062566888810188     
  0.32400000000000001        61.088632383452307     
  0.32480000000000003        61.114719455095617     
  0.32560000000000000        61.140827785896001     
  0.32640000000000002        61.166957078536420     
  0.32719999999999999        61.193107055812568     
  0.32800000000000001        61.219277460224610     
  0.32880000000000004        61.245468053574541     
  0.32960000000000000        61.271678616569574     
  0.33040000000000003        61.297908948431193     
  0.33119999999999999        61.324158866509933     
  0.33200000000000002        61.350428205905750     
  0.33280000000000004        61.376716819094149     
  0.33360000000000001        61.403024575557588     
  0.33440000000000003        61.429351361422597     
  0.33520000000000000        61.455697079102151     
  0.33600000000000002        61.482061646943507     
  0.33680000000000004        61.508444998881231     
  0.33760000000000001        61.534847084095638     
  0.33840000000000003        61.561267866676282     
  0.33920000000000000        61.587707325290594     
  0.34000000000000002        61.614165452857691     
  0.34079999999999999        61.640642256227082     
  0.34160000000000001        61.667137755862449     
  0.34240000000000004        61.693651985530259     
  0.34320000000000001        61.720184991993285     
  0.34400000000000003        61.746736834708869     
  0.34480000000000000        61.773307585531988     
  0.34560000000000002        61.799897328422965     
  0.34640000000000004        61.826506159159827     
  0.34720000000000001        61.853134185055218     
  0.34800000000000003        61.879781524677924     
  0.34880000000000000        61.906448307578735     
  0.34960000000000002        61.933134674020870     
  0.35039999999999999        61.959840774714607     
  0.35120000000000001        61.986566770556394     
  0.35200000000000004        62.013312832372023     
  0.35280000000000000        62.040079140664268     
  0.35360000000000003        62.066865885364351     
  0.35439999999999999        62.093673265587896     
  0.35520000000000002        62.120501489394528     
  0.35600000000000004        62.147350773551821     
  0.35680000000000001        62.174221343302932     
  0.35760000000000003        62.201113432138392     
  0.35840000000000000        62.228027281571407     
  0.35920000000000002        62.254963140917354     
  0.36000000000000004        62.281921267076712     
  0.36080000000000001        62.308901924321866     
  0.36160000000000003        62.335905384087461     
  0.36240000000000000        62.362931924764489     
  0.36320000000000002        62.389981831497821     
  0.36399999999999999        62.417055395987298     
  0.36480000000000001        62.444152916292275     
  0.36560000000000004        62.471274696639632     
  0.36640000000000000        62.498421047235027     
  0.36720000000000003        62.525592284077675     
  0.36799999999999999        62.552788728778204     
  0.36880000000000002        62.580010708379959     
  0.36960000000000004        62.607258555183243     
  0.37040000000000001        62.634532606572996     
  0.37120000000000003        62.661833204849337     
  0.37200000000000000        62.689160697061283     
  0.37280000000000002        62.716515434843544     
  0.37360000000000004        62.743897774256126     
  0.37440000000000001        62.771308075627054     
  0.37520000000000003        62.798746703397875     
  0.37600000000000000        62.826214025971986     
  0.37680000000000002        62.853710415566006     
  0.37759999999999999        62.881236248063558     
  0.37840000000000001        62.908791902872132     
  0.37920000000000004        62.936377762782406     
  0.38000000000000000        62.963994213830382     
  0.38080000000000003        62.991641645161948     
  0.38159999999999999        63.019320448900245     
  0.38240000000000002        63.047031020015517     
  0.38320000000000004        63.074773756197231     
  0.38400000000000001        63.102549057729036     
  0.38480000000000003        63.130357327365878     
  0.38560000000000000        63.158198970213618     
  0.38640000000000002        63.186074393611030     
  0.38720000000000004        63.213984007014012     
  0.38800000000000001        63.241928221882269     
  0.38880000000000003        63.269907451568052     
  0.38960000000000000        63.297922111207242     
  0.39040000000000002        63.325972617612621     
  0.39119999999999999        63.354059389169279     
  0.39200000000000002        63.382182845732025     
  0.39280000000000004        63.410343408525179     
  0.39360000000000001        63.438541500044018     
  0.39440000000000003        63.466777543958671     
  0.39520000000000000        63.495051965019670     
  0.39600000000000002        63.523365188965684     
  0.39680000000000004        63.551717642433047     
  0.39760000000000001        63.580109752867237     
  0.39840000000000003        63.608541948436297     
  0.39920000000000000        63.637014657945969     
  0.40000000000000002        63.665528310756777     
