   0.00000000       0.00000000    
   8.0000000000000004E-004   3.3486040761390576     
   1.6000000000000001E-003   6.6164999880371331     
   2.4000000000000002E-003   9.8053295096309796     
   3.2000000000000002E-003   12.916704645701667     
   4.0000000000000001E-003   15.952207933323772     
   4.8000000000000004E-003   18.913392839556192     
   5.5999999999999999E-003   21.801784193515854     
   6.4000000000000003E-003   24.618878633152800     
   7.2000000000000007E-003   27.366145057967579     
   8.0000000000000002E-003   30.045025083084898     
   8.8000000000000005E-003   32.656933492029872     
   9.6000000000000009E-003   35.203258686565825     
   1.0400000000000001E-002   37.685363132531265     
   1.1200000000000000E-002   40.104583800966410     
   1.2000000000000000E-002   42.462232604046498     
   1.2800000000000001E-002   44.759596825490497     
   1.3600000000000001E-002   46.997939545218294     
   1.4400000000000001E-002   49.178500058104284     
   1.5200000000000000E-002   51.302494286728759     
   1.6000000000000000E-002   53.371115188068956     
   1.6800000000000002E-002   55.385533154101566     
   1.7600000000000001E-002   57.346896406311359     
   1.8400000000000000E-002   59.256331384118809     
   1.9200000000000002E-002   61.114943127252680     
   2.0000000000000000E-002   62.923815652105112     
   2.0800000000000003E-002   64.684012322114754     
   2.1600000000000001E-002   66.396576212230286     
   2.2400000000000000E-002   68.062530467512531     
   2.3200000000000002E-002   69.682878655936776     
   2.4000000000000000E-002   71.258605115460853     
   2.4800000000000003E-002   72.790675295427008     
   2.5600000000000001E-002   74.280036092367325     
   2.6400000000000000E-002   75.727616180284485     
   2.7200000000000002E-002   77.134326335480324     
   2.8000000000000001E-002   78.501059756005716     
   2.8800000000000003E-002   79.828692375805829     
   2.9600000000000001E-002   81.118083173634901     
   3.0400000000000000E-002   82.370074476815333     
   3.1200000000000002E-002   83.585492259915057     
   3.2000000000000001E-002   84.765146438417702     
   3.2800000000000003E-002   85.909831157459095     
   3.3600000000000005E-002   87.020325075704349     
   3.4400000000000000E-002   88.097391644437693     
   3.5200000000000002E-002   89.141779381938406     
   3.6000000000000004E-002   90.154222143213985     
   3.6799999999999999E-002   91.135439385162698     
   3.7600000000000001E-002   92.086136427235317     
   3.8400000000000004E-002   93.007004707666354     
   3.9199999999999999E-002   93.898722035344079     
   4.0000000000000001E-002   94.761952837387071     
   4.0800000000000003E-002   95.597348402495456     
   4.1600000000000005E-002   96.405547120143467     
   4.2400000000000000E-002   97.187174715678864     
   4.3200000000000002E-002   97.942844481395113     
   4.4000000000000004E-002   98.673157503639686     
   4.4800000000000000E-002   99.378702886022609     
   4.5600000000000002E-002   100.06005796878769     
   4.6400000000000004E-002   100.71778854440785     
   4.7199999999999999E-002   101.35244906946593     
   4.8000000000000001E-002   101.96458287288077     
   4.8800000000000003E-002   102.55472236053774     
   4.9600000000000005E-002   103.12338921638231     
   5.0400000000000000E-002   103.67109460003404     
   5.1200000000000002E-002   104.19833934097778     
   5.2000000000000005E-002   104.70561412938774     
   5.2800000000000000E-002   105.19339970364017     
   5.3600000000000002E-002   105.66216703456796     
   5.4400000000000004E-002   106.11237750651148     
   5.5200000000000006E-002   106.54448309521766     
   5.6000000000000001E-002   106.95892654263986     
   5.6800000000000003E-002   107.35614152868882     
   5.7600000000000005E-002   107.73655283998588     
   5.8400000000000001E-002   108.10057653566717     
   5.9200000000000003E-002   108.44862011028829     
   6.0000000000000005E-002   108.78108265387706     
   6.0800000000000000E-002   109.09835500918197     
   6.1600000000000002E-002   109.40081992616263     
   6.2400000000000004E-002   109.68885221376823     
   6.3200000000000006E-002   109.96281888904936     
   6.4000000000000001E-002   110.22307932364697     
   6.4799999999999996E-002   110.46998538770339     
   6.5600000000000006E-002   110.70388159123695     
   6.6400000000000001E-002   110.92510522302430     
   6.7200000000000010E-002   111.13398648703040     
   6.8000000000000005E-002   111.33084863642884     
   6.8800000000000000E-002   111.51600810525194     
   6.9600000000000009E-002   111.68977463771051     
   7.0400000000000004E-002   111.85245141522299     
   7.1199999999999999E-002   112.00433518119164     
   7.2000000000000008E-002   112.14571636356462     
   7.2800000000000004E-002   112.27687919522049     
   7.3599999999999999E-002   112.39810183221230     
   7.4400000000000008E-002   112.50965646990724     
   7.5200000000000003E-002   112.61180945705765     
   7.5999999999999998E-002   112.70482140783753     
   7.6800000000000007E-002   112.78894731188068     
   7.7600000000000002E-002   112.86443664235196     
   7.8399999999999997E-002   112.93153346208739     
   7.9200000000000007E-002   112.99047652783413     
   8.0000000000000002E-002   113.04149939262352     
   8.0800000000000011E-002   113.08483050630845     
   8.1600000000000006E-002   113.12069331429655     
   8.2400000000000001E-002   113.14930635450982     
   8.3200000000000010E-002   113.17088335260088     
   8.4000000000000005E-002   113.18563331545580     
   8.4800000000000000E-002   113.19376062301191     
   8.5600000000000009E-002   113.19546511842096     
   8.6400000000000005E-002   113.19094219658402     
   8.7200000000000000E-002   113.18038289108760     
   8.8000000000000009E-002   113.16397395956720     
   8.8800000000000004E-002   113.14189796752586     
   8.9599999999999999E-002   113.11433337063413     
   9.0400000000000008E-002   113.08145459553710     
   9.1200000000000003E-002   113.04343211919469     
   9.1999999999999998E-002   113.00043254678023     
   9.2800000000000007E-002   112.95261868816169     
   9.3600000000000003E-002   112.90014963299063     
   9.4399999999999998E-002   112.84318082442236     
   9.5200000000000007E-002   112.78186413149119     
   9.6000000000000002E-002   112.71634792016373     
   9.6800000000000011E-002   112.64677712309326     
   9.7600000000000006E-002   112.57329330809763     
   9.8400000000000001E-002   112.49603474538250     
   9.9200000000000010E-002   112.41513647353189     
  0.10000000000000001        112.33073036428743     
  0.10080000000000000        112.24294518613689     
  0.10160000000000001        112.15190666673324     
  0.10240000000000000        112.05773755416396     
  0.10320000000000000        111.96055767709120     
  0.10400000000000001        111.86048400378159     
  0.10480000000000000        111.75763070004596     
  0.10560000000000000        111.65210918610720     
  0.10640000000000001        111.54402819241523     
  0.10720000000000000        111.43349381442775     
  0.10800000000000000        111.32060956637407     
  0.10880000000000001        111.20547643402051     
  0.10960000000000000        111.08819292645451     
  0.11040000000000001        110.96885512690440     
  0.11120000000000001        110.84755674261250     
  0.11200000000000000        110.72438915377688     
  0.11280000000000001        110.59944146157943     
  0.11360000000000001        110.47280053531549     
  0.11440000000000000        110.34455105864065     
  0.11520000000000001        110.21477557495126     
  0.11600000000000001        110.08355453191272     
  0.11680000000000000        109.95096632515117     
  0.11760000000000001        109.81708734112338     
  0.11840000000000001        109.68199199917892     
  0.11920000000000000        109.54575279282933     
  0.12000000000000001        109.40844033023795     
  0.12080000000000000        109.27012337394440     
  0.12160000000000000        109.13086887983708     
  0.12240000000000001        108.99074203538714     
  0.12320000000000000        108.84980629715706     
  0.12400000000000000        108.70812342759650     
  0.12480000000000001        108.56575353113814     
  0.12560000000000002        108.42275508960627     
  0.12640000000000001        108.27918499694961     
  0.12720000000000001        108.13509859331137     
  0.12800000000000000        107.99054969844748     
  0.12880000000000000        107.84559064450517     
  0.12959999999999999        107.70027230817301     
  0.13040000000000002        107.55464414221368     
  0.13120000000000001        107.40875420639078     
  0.13200000000000001        107.26264919780026     
  0.13280000000000000        107.11637448061686     
  0.13360000000000000        106.96997411526684     
  0.13440000000000002        106.82349088703641     
  0.13520000000000001        106.67696633412680     
  0.13600000000000001        106.53044077516502     
  0.13680000000000000        106.38395333618107     
  0.13760000000000000        106.23754197706036     
  0.13840000000000000        106.09124351748144     
  0.13920000000000002        105.94509366234783     
  0.14000000000000001        105.79912702672340     
  0.14080000000000001        105.65337716028033     
  0.14160000000000000        105.50787657126786     
  0.14240000000000000        105.36265675001142     
  0.14319999999999999        105.21774819195002     
  0.14400000000000002        105.07318042022021     
  0.14480000000000001        104.92898200779553     
  0.14560000000000001        104.78518059918859     
  0.14640000000000000        104.64180293172454     
  0.14720000000000000        104.49887485639327     
  0.14800000000000002        104.35642135828809     
  0.14880000000000002        104.21446657663873     
  0.14960000000000001        104.07303382444560     
  0.15040000000000001        103.93214560772289     
  0.15120000000000000        103.79182364435768     
  0.15200000000000000        103.65208888259207     
  0.15280000000000002        103.51296151913499     
  0.15360000000000001        103.37446101691080     
  0.15440000000000001        103.23660612245142     
  0.15520000000000000        103.09941488293816     
  0.15600000000000000        102.96290466289980     
  0.15679999999999999        102.82709216057378     
  0.15760000000000002        102.69199342393594     
  0.15840000000000001        102.55762386640535     
  0.15920000000000001        102.42399828223039     
  0.16000000000000000        102.29113086156147     
  0.16080000000000000        102.15903520521681     
  0.16160000000000002        102.02772433914626     
  0.16240000000000002        101.89721072859965     
  0.16320000000000001        101.76750629200430     
  0.16400000000000001        101.63862241455757     
  0.16480000000000000        101.51056996153984     
  0.16560000000000000        101.38335929135273     
  0.16640000000000002        101.25700026828802     
  0.16720000000000002        101.13150227503233     
  0.16800000000000001        101.00687422491210     
  0.16880000000000001        100.88312457388439     
  0.16960000000000000        100.76026133227747     
  0.17040000000000000        100.63829207628673     
  0.17120000000000002        100.51722395922990     
  0.17200000000000001        100.39706372256632     
  0.17280000000000001        100.27781770668470     
  0.17360000000000000        100.15949186146395     
  0.17440000000000000        100.04209175661073     
  0.17519999999999999        99.925622591778890     
  0.17600000000000002        99.810089206474046     
  0.17680000000000001        99.695496089747905     
  0.17760000000000001        99.581847389686118     
  0.17840000000000000        99.469146922693596     
  0.17920000000000000        99.357398182581221     
  0.18000000000000002        99.246604349457854     
  0.18080000000000002        99.136768298430823     
  0.18160000000000001        99.027892608119288     
  0.18240000000000001        98.919979568983521     
  0.18320000000000000        98.813031191473925     
  0.18400000000000000        98.707049214002907     
  0.18480000000000002        98.602035110743543     
  0.18560000000000001        98.497990099257933     
  0.18640000000000001        98.394915147958528     
  0.18720000000000001        98.292810983405914     
  0.18800000000000000        98.191678097446101     
  0.18880000000000000        98.091516754190323     
  0.18960000000000002        97.992326996840561     
  0.19040000000000001        97.894108654363478     
  0.19120000000000001        97.796861348016279     
  0.19200000000000000        97.700584497726638     
  0.19280000000000000        97.605277328330345     
  0.19360000000000002        97.510938875668572     
  0.19440000000000002        97.417567992548356     
  0.19520000000000001        97.325163354568318     
  0.19600000000000001        97.233723465812659     
  0.19680000000000000        97.143246664415784     
  0.19760000000000000        97.053731128000308     
  0.19840000000000002        96.965174878990652     
  0.19920000000000002        96.877575789805050     
  0.20000000000000001        96.790931587927972     
  0.20080000000000001        96.705239860865760     
  0.20160000000000000        96.620498060987273     
  0.20240000000000000        96.536703510252451     
  0.20320000000000002        96.453853404830298     
  0.20400000000000001        96.371944819609183     
  0.20480000000000001        96.290974712601169     
  0.20560000000000000        96.210939929242699     
  0.20640000000000000        96.131837206593445     
  0.20720000000000002        96.053663177435681     
  0.20800000000000002        95.976414374276203     
  0.20880000000000001        95.900087233252165     
  0.20960000000000001        95.824678097943604     
  0.21040000000000000        95.750183223094027     
  0.21120000000000000        95.676598778240873     
  0.21200000000000002        95.603920851258010     
  0.21280000000000002        95.532145451811814     
  0.21360000000000001        95.461268514732524     
  0.21440000000000001        95.391285903303014     
  0.21520000000000000        95.322193412466049     
  0.21600000000000000        95.253986771952256     
  0.21680000000000002        95.186661649329992     
  0.21760000000000002        95.120213652979132     
  0.21840000000000001        95.054638334990003     
  0.21920000000000001        94.989931193989136     
  0.22000000000000000        94.926087677893335     
  0.22080000000000002        94.863103186593634     
  0.22160000000000002        94.800973074570393     
  0.22240000000000001        94.739692653441310     
  0.22320000000000001        94.679257194443167     
  0.22400000000000000        94.619661930849333     
  0.22480000000000000        94.560902060324096     
  0.22560000000000002        94.502972747214955     
  0.22640000000000002        94.445869124784423     
  0.22720000000000001        94.389586297382692     
  0.22800000000000001        94.334119342561991     
  0.22880000000000000        94.279463313134443     
  0.22960000000000000        94.225613239174010     
  0.23040000000000002        94.172564129964385     
  0.23120000000000002        94.120310975893190     
  0.23200000000000001        94.068848750294507     
  0.23280000000000001        94.018172411239973     
  0.23360000000000000        93.968276903280270     
  0.23440000000000003        93.919157159137626     
  0.23520000000000002        93.870808101350548     
  0.23600000000000002        93.823224643871825     
  0.23680000000000001        93.776401693620798     
  0.23760000000000001        93.730334151990803     
  0.23840000000000000        93.685016916312932     
  0.23920000000000002        93.640444881276736     
  0.24000000000000002        93.596612940309626     
  0.24080000000000001        93.553515986914519     
  0.24160000000000001        93.511148915968022     
  0.24240000000000000        93.469506624979090     
  0.24320000000000000        93.428584015309724     
  0.24400000000000002        93.388375993357798     
  0.24480000000000002        93.348877471703474     
  0.24560000000000001        93.310083370219829     
  0.24640000000000001        93.271988617148423     
  0.24720000000000000        93.234588150140539     
  0.24800000000000000        93.197876917265248     
  0.24880000000000002        93.161849877984366     
  0.24960000000000002        93.126502004095869     
  0.25040000000000001        93.091828280645743     
  0.25120000000000003        93.057823706809572     
  0.25200000000000000        93.024483296744137     
  0.25280000000000002        92.991802080409826     
  0.25359999999999999        92.959775104364851     
  0.25440000000000002        92.928397432531369     
  0.25520000000000004        92.897664146934545     
  0.25600000000000001        92.867570348415100     
  0.25680000000000003        92.838111157315893     
  0.25760000000000000        92.809281714143324     
  0.25840000000000002        92.781077180203752     
  0.25919999999999999        92.753492738216039     
  0.26000000000000001        92.726523592900492     
  0.26080000000000003        92.700164971544694     
  0.26160000000000000        92.674412124546947     
  0.26240000000000002        92.649260325937803     
  0.26319999999999999        92.624704873880219     
  0.26400000000000001        92.600741091148777     
  0.26480000000000004        92.577364325588675     
  0.26560000000000000        92.554569950554594     
  0.26640000000000003        92.532353365330593     
  0.26719999999999999        92.510709995530533     
  0.26800000000000002        92.489635293480589     
  0.26880000000000004        92.469124738583460     
  0.26960000000000001        92.449173837665157     
  0.27040000000000003        92.429778125304651     
  0.27120000000000000        92.410933164146826     
  0.27200000000000002        92.392634545199172     
  0.27279999999999999        92.374877888112863     
  0.27360000000000001        92.357658841447929     
  0.27440000000000003        92.340973082923824     
  0.27520000000000000        92.324816319655085     
  0.27600000000000002        92.309184288372890     
  0.27679999999999999        92.294072755632541     
  0.27760000000000001        92.279477518007354     
  0.27840000000000004        92.265394402269749     
  0.27920000000000000        92.251819265558893     
  0.28000000000000003        92.238747995536414     
  0.28079999999999999        92.226176510529598     
  0.28160000000000002        92.214100759662770     
  0.28240000000000004        92.202516722977293     
  0.28320000000000001        92.191420411540349     
  0.28400000000000003        92.180807867542626     
  0.28480000000000000        92.170675164385457     
  0.28560000000000002        92.161018406758018     
  0.28639999999999999        92.151833730703828     
  0.28720000000000001        92.143117303678082     
  0.28800000000000003        92.134865324595253     
  0.28880000000000000        92.127074023867479     
  0.28960000000000002        92.119739663434245     
  0.29039999999999999        92.112858536782880     
  0.29120000000000001        92.106426968961344     
  0.29200000000000004        92.100441316582220     
  0.29280000000000000        92.094897967818952     
  0.29360000000000003        92.089793342394557     
  0.29440000000000000        92.085123891562603     
  0.29520000000000002        92.080886098081152     
  0.29600000000000004        92.077076476179442     
  0.29680000000000001        92.073691571518012     
  0.29760000000000003        92.070727961141984     
  0.29840000000000000        92.068182253428134     
  0.29920000000000002        92.066051088025660     
  0.29999999999999999        92.064331135790979     
  0.30080000000000001        92.063019098716723     
  0.30160000000000003        92.062111709855216     
  0.30240000000000000        92.061605733236149     
  0.30320000000000003        92.061497963779644     
  0.30399999999999999        92.061785227203501     
  0.30480000000000002        92.062464379926197     
  0.30560000000000004        92.063532308964554     
  0.30640000000000001        92.064985931827536     
  0.30720000000000003        92.066822196404772     
  0.30800000000000000        92.069038080851627     
  0.30880000000000002        92.071630593469649     
  0.30960000000000004        92.074596772583234     
  0.31040000000000001        92.077933686412536     
  0.31120000000000003        92.081638432942682     
  0.31200000000000000        92.085708139789290     
  0.31280000000000002        92.090139964060796     
  0.31359999999999999        92.094931092217607     
  0.31440000000000001        92.100078739927724     
  0.31520000000000004        92.105580151919810     
  0.31600000000000000        92.111432601833087     
  0.31680000000000003        92.117633392064647     
  0.31759999999999999        92.124179853613938     
  0.31840000000000002        92.131069345924956     
  0.31920000000000004        92.138299256725773     
  0.32000000000000001        92.145867001865952     
  0.32080000000000003        92.153770025151701     
  0.32160000000000000        92.162005798178953     
  0.32240000000000002        92.170571820164241     
  0.32320000000000004        92.179465617774071     
  0.32400000000000001        92.188684744952269     
  0.32480000000000003        92.198226782745451     
  0.32560000000000000        92.208089339127284     
  0.32640000000000002        92.218270048820827     
  0.32719999999999999        92.228766573119756     
  0.32800000000000001        92.239576599708045     
  0.32880000000000004        92.250697842478345     
  0.32960000000000000        92.262128041349428     
  0.33040000000000003        92.273864962082129     
  0.33119999999999999        92.285906396094674     
  0.33200000000000002        92.298250160276680     
  0.33280000000000004        92.310894096802556     
  0.33360000000000001        92.323836072943905     
  0.33440000000000003        92.337073980881215     
  0.33520000000000000        92.350605737514954     
  0.33600000000000002        92.364429284275886     
  0.33680000000000004        92.378542586934969     
  0.33760000000000001        92.392943635412763     
  0.33840000000000003        92.407630443588317     
  0.33920000000000000        92.422601049107740     
  0.34000000000000002        92.437853513192351     
  0.34079999999999999        92.453385920446848     
  0.34160000000000001        92.469196378666794     
  0.34240000000000004        92.485283018646555     
  0.34320000000000001        92.501643993986505     
  0.34400000000000003        92.518277480900579     
  0.34480000000000000        92.535181678023733     
  0.34560000000000002        92.552354806219384     
  0.34640000000000004        92.569795108386899     
  0.34720000000000001        92.587500849269333     
  0.34800000000000003        92.605470315261172     
  0.34880000000000000        92.623701814216503     
  0.34960000000000002        92.642193675257090     
  0.35039999999999999        92.660944248581202     
  0.35120000000000001        92.679951905272233     
  0.35200000000000004        92.699215037108090     
  0.35280000000000000        92.718732056370854     
  0.35360000000000003        92.738501395656684     
  0.35439999999999999        92.758521507686510     
  0.35520000000000002        92.778790865116989     
  0.35600000000000004        92.799307960351911     
  0.35680000000000001        92.820071305354460     
  0.35760000000000003        92.841079431459789     
  0.35840000000000000        92.862330889188257     
  0.35920000000000002        92.883824248059355     
  0.36000000000000004        92.905558096406239     
  0.36080000000000001        92.927531041191145     
  0.36160000000000003        92.949741707820976     
  0.36240000000000000        92.972188739964309     
  0.36320000000000002        92.994870799368712     
  0.36399999999999999        93.017786565679003     
  0.36480000000000001        93.040934736256062     
  0.36560000000000004        93.064314025996936     
  0.36640000000000000        93.087923167155239     
  0.36720000000000003        93.111760909162840     
  0.36799999999999999        93.135826018452150     
  0.36880000000000002        93.160117278279372     
  0.36960000000000004        93.184633488548698     
  0.37040000000000001        93.209373465637412     
  0.37120000000000003        93.234336042221884     
  0.37200000000000000        93.259520067104489     
  0.37280000000000002        93.284924405041650     
  0.37360000000000004        93.310547936572647     
  0.37440000000000001        93.336389557849515     
  0.37520000000000003        93.362448180467965     
  0.37600000000000000        93.388722731299239     
  0.37680000000000002        93.415212152323122     
  0.37759999999999999        93.441915400461724     
  0.37840000000000001        93.468831447414658     
  0.37920000000000004        93.495959279494883     
  0.38000000000000000        93.523297897466009     
  0.38080000000000003        93.550846316380245     
  0.38159999999999999        93.578603565417751     
  0.38240000000000002        93.606568687727062     
  0.38320000000000004        93.634740740266110     
  0.38400000000000001        93.663118793645211     
  0.38480000000000003        93.691701931970272     
  0.38560000000000000        93.720489252687656     
  0.38640000000000002        93.749479866429994     
  0.38720000000000004        93.778672896863000     
  0.38800000000000001        93.808067480533666     
  0.38880000000000003        93.837662766719234     
  0.38960000000000000        93.867457917277633     
  0.39040000000000002        93.897452106498818     
  0.39119999999999999        93.927644520957358     
  0.39200000000000002        93.958034359366010     
  0.39280000000000004        93.988620832430698     
  0.39360000000000001        94.019403162706269     
  0.39440000000000003        94.050380584453706     
  0.39520000000000000        94.081552343498345     
  0.39600000000000002        94.112917697089173     
  0.39680000000000004        94.144475913759393     
  0.39760000000000001        94.176226273188021     
  0.39840000000000003        94.208168066062782     
  0.39920000000000000        94.240300593943871     
  0.40000000000000002        94.272623169129162     
