   0.00000000       0.00000000    
   8.0000000000000004E-004   3.3418617798019734     
   1.6000000000000001E-003   6.5899110596562567     
   2.4000000000000002E-003   9.7463473940797858     
   3.2000000000000002E-003   12.813324144629993     
   4.0000000000000001E-003   15.792949216303111     
   4.8000000000000004E-003   18.687285867002185     
   5.5999999999999999E-003   21.498353536735426     
   6.4000000000000003E-003   24.228128679710323     
   7.2000000000000007E-003   26.878545591940217     
   8.0000000000000002E-003   29.451497230589428     
   8.8000000000000005E-003   31.948836022952019     
   9.6000000000000009E-003   34.372374663832503     
   1.0400000000000001E-002   36.723886900594302     
   1.1200000000000000E-002   39.005108305443443     
   1.2000000000000000E-002   41.217737034707994     
   1.2800000000000001E-002   43.363434575001300     
   1.3600000000000001E-002   45.443826476244233     
   1.4400000000000001E-002   47.460503071582856     
   1.5200000000000000E-002   49.415020184281289     
   1.6000000000000000E-002   51.308899821700905     
   1.6800000000000002E-002   53.143630856500273     
   1.7600000000000001E-002   54.920669695206229     
   1.8400000000000000E-002   56.641440934319959     
   1.9200000000000002E-002   58.307338004129619     
   2.0000000000000000E-002   59.919723800408342     
   2.0800000000000003E-002   61.479931304180909     
   2.1600000000000001E-002   62.989264189744475     
   2.2400000000000000E-002   64.448997421131892     
   2.3200000000000002E-002   65.860377837206173     
   2.4000000000000000E-002   67.224624725574742     
   2.4800000000000003E-002   68.542930385512690     
   2.5600000000000001E-002   69.816460680082514     
   2.6400000000000000E-002   71.046355577636419     
   2.7200000000000002E-002   72.233729682887329     
   2.8000000000000001E-002   73.379672757730717     
   2.8800000000000003E-002   74.485250231999458     
   2.9600000000000001E-002   75.551503704330699     
   3.0400000000000000E-002   76.579451433321879     
   3.1200000000000002E-002   77.570088819150556     
   3.2000000000000001E-002   78.524388875830766     
   3.2800000000000003E-002   79.443302694275758     
   3.3600000000000005E-002   80.327759896334655     
   3.4400000000000000E-002   81.178669079967875     
   3.5200000000000002E-002   81.996918255724452     
   3.6000000000000004E-002   82.783375274680523     
   3.6799999999999999E-002   83.538888247996951     
   3.7600000000000001E-002   84.264285958250923     
   3.8400000000000004E-002   84.960378262693808     
   3.9199999999999999E-002   85.627956488585397     
   4.0000000000000001E-002   86.267793820751919     
   4.0800000000000003E-002   86.880645681512647     
   4.1600000000000005E-002   87.467250103117877     
   4.2400000000000000E-002   88.028328092838166     
   4.3200000000000002E-002   88.564583990842536     
   4.4000000000000004E-002   89.076705821001070     
   4.4800000000000000E-002   89.565365634744865     
   4.5600000000000002E-002   90.031219848113793     
   4.6400000000000004E-002   90.474909572120680     
   4.7199999999999999E-002   90.897060936557978     
   4.8000000000000001E-002   91.298285407370585     
   4.8800000000000003E-002   91.679180097716696     
   4.9600000000000005E-002   92.040328072836402     
   5.0400000000000000E-002   92.382298648844881     
   5.1200000000000002E-002   92.705647685566021     
   5.2000000000000005E-002   93.010917873519389     
   5.2800000000000000E-002   93.298639015171787     
   5.3600000000000002E-002   93.569328300562759     
   5.4400000000000004E-002   93.823490577411008     
   5.5200000000000006E-002   94.061618615807021     
   5.6000000000000001E-002   94.284193367595662     
   5.6800000000000003E-002   94.491684220549558     
   5.7600000000000005E-002   94.684549247433452     
   5.8400000000000001E-002   94.863235450057175     
   5.9200000000000003E-002   95.028178998413097     
   6.0000000000000005E-002   95.179805464992711     
   6.0800000000000000E-002   95.318530054374563     
   6.1600000000000002E-002   95.444757828174360     
   6.2400000000000004E-002   95.558883925446793     
   6.3200000000000006E-002   95.661293778626344     
   6.4000000000000001E-002   95.752363325092972     
   6.4799999999999996E-002   95.832459214447127     
   6.5600000000000006E-002   95.901939011576886     
   6.6400000000000001E-002   95.961151395598492     
   6.7200000000000010E-002   96.010436354749970     
   6.8000000000000005E-002   96.050125377315879     
   6.8800000000000000E-002   96.080541638660677     
   6.9600000000000009E-002   96.102000184445515     
   7.0400000000000004E-002   96.114808110102317     
   7.1199999999999999E-002   96.119264736638613     
   7.2000000000000008E-002   96.115661782843446     
   7.2800000000000004E-002   96.104283533964860     
   7.3599999999999999E-002   96.085407006927397     
   7.4400000000000008E-002   96.059302112157042     
   7.5200000000000003E-002   96.026231812079629     
   7.5999999999999998E-002   95.986452276357582     
   7.6800000000000007E-002   95.940213033928771     
   7.7600000000000002E-002   95.887757121909729     
   7.8399999999999997E-002   95.829321231424615     
   7.9200000000000007E-002   95.765135850420123     
   8.0000000000000002E-002   95.695425403525192     
   8.0800000000000011E-002   95.620408389013562     
   8.1600000000000006E-002   95.540297512925775     
   8.2400000000000001E-002   95.455299820406665     
   8.3200000000000010E-002   95.365616824312767     
   8.4000000000000005E-002   95.271444631143382     
   8.4800000000000000E-002   95.172974064347898     
   8.5600000000000009E-002   95.070390785061193     
   8.6400000000000005E-002   94.963875410317584     
   8.7200000000000000E-002   94.853603628793138     
   8.8000000000000009E-002   94.739746314125085     
   8.8800000000000004E-002   94.622469635856305     
   8.9599999999999999E-002   94.501935168051588     
   9.0400000000000008E-002   94.378299995632020     
   9.1200000000000003E-002   94.251716818472516     
   9.1999999999999998E-002   94.122334053306730     
   9.2800000000000007E-002   93.990295933483097     
   9.3600000000000003E-002   93.855742606614456     
   9.4399999999999998E-002   93.718810230163086     
   9.5200000000000007E-002   93.579631065002303     
   9.6000000000000002E-002   93.438333566995169     
   9.6800000000000011E-002   93.295042476628794     
   9.7600000000000006E-002   93.149878906744433     
   9.8400000000000001E-002   93.002960428400272     
   9.9200000000000010E-002   92.854401154904494     
  0.10000000000000001        92.704311824055452     
  0.10080000000000000        92.552799878624555     
  0.10160000000000001        92.399969545117031     
  0.10240000000000000        92.245921910845169     
  0.10320000000000000        92.090754999348135     
  0.10400000000000001        91.934563844190890     
  0.10480000000000000        91.777440561175482     
  0.10560000000000000        91.619474418996276     
  0.10640000000000001        91.460751908370511     
  0.10720000000000000        91.301356809674971     
  0.10800000000000000        91.141370259118688     
  0.10880000000000001        90.980870813481687     
  0.10960000000000000        90.819934513448075     
  0.11040000000000001        90.658634945562611     
  0.11120000000000001        90.497043302837994     
  0.11200000000000000        90.335228444040879     
  0.11280000000000001        90.173256951682575     
  0.11360000000000001        90.011193188741586     
  0.11440000000000000        89.849099354143277     
  0.11520000000000001        89.687035537021799     
  0.11600000000000001        89.525059769789792     
  0.11680000000000000        89.363228080039164     
  0.11760000000000001        89.201594541297681     
  0.11840000000000001        89.040211322664419     
  0.11920000000000000        88.879128737346534     
  0.12000000000000001        88.718395290120725     
  0.12080000000000000        88.558057723740788     
  0.12160000000000000        88.398161064312916     
  0.12240000000000001        88.238748665660211     
  0.12320000000000000        88.079862252697026     
  0.12400000000000000        87.921541963833391     
  0.12480000000000001        87.763826392429792     
  0.12560000000000002        87.606752627321526     
  0.12640000000000001        87.450356292432147     
  0.12720000000000001        87.294671585494697     
  0.12800000000000000        87.139731315898942     
  0.12880000000000000        86.985566941683373     
  0.12959999999999999        86.832208605688891     
  0.13040000000000002        86.679685170892085     
  0.13120000000000001        86.528024254934977     
  0.13200000000000001        86.377252263868186     
  0.13280000000000000        86.227394425123336     
  0.13360000000000000        86.078474819731554     
  0.13440000000000002        85.930516413802877     
  0.13520000000000001        85.783541089283105     
  0.13600000000000001        85.637569674002080     
  0.13680000000000000        85.492621971029152     
  0.13760000000000000        85.348716787349687     
  0.13840000000000000        85.205871961877619     
  0.13920000000000002        85.064104392816944     
  0.14000000000000001        84.923430064387119     
  0.14080000000000001        84.783864072924700     
  0.14160000000000000        84.645420652374952     
  0.14240000000000000        84.508113199186226     
  0.14319999999999999        84.371954296619691     
  0.14400000000000002        84.236955738486742     
  0.14480000000000001        84.103128552326368     
  0.14560000000000001        83.970483022034330     
  0.14640000000000000        83.839028709955670     
  0.14720000000000000        83.708774478452156     
  0.14800000000000002        83.579728510955860     
  0.14880000000000002        83.451898332519733     
  0.14960000000000001        83.325290829875897     
  0.15040000000000001        83.199912271012451     
  0.15120000000000000        83.075768324278712     
  0.15200000000000000        82.952864077029531     
  0.15280000000000002        82.831204053818055     
  0.15360000000000001        82.710792234147121     
  0.15440000000000001        82.591632069788361     
  0.15520000000000000        82.473726501678982     
  0.15600000000000000        82.357077976404426     
  0.15679999999999999        82.241688462276898     
  0.15760000000000002        82.127559465017882     
  0.15840000000000001        82.014692043053202     
  0.15920000000000001        81.903086822429785     
  0.16000000000000000        81.792744011361251     
  0.16080000000000000        81.683663414411527     
  0.16160000000000002        81.575844446323600     
  0.16240000000000002        81.469286145501826     
  0.16320000000000001        81.363987187154663     
  0.16400000000000001        81.259945896105876     
  0.16480000000000000        81.157160259281582     
  0.16560000000000000        81.055627937879407     
  0.16640000000000002        80.955346279228010     
  0.16720000000000002        80.856312328342824     
  0.16800000000000001        80.758522839185176     
  0.16880000000000001        80.661974285631473     
  0.16960000000000000        80.566662872158446     
  0.17040000000000000        80.472584544251319     
  0.17120000000000002        80.379734998540727     
  0.17200000000000001        80.288109692674610     
  0.17280000000000001        80.197703854930708     
  0.17360000000000000        80.108512493576058     
  0.17440000000000000        80.020530405978718     
  0.17519999999999999        79.933752187477225     
  0.17600000000000002        79.848172240013739     
  0.17680000000000001        79.763784780535815     
  0.17760000000000001        79.680583849171938     
  0.17840000000000000        79.598563317186574     
  0.17920000000000000        79.517716894718902     
  0.18000000000000002        79.438038138310944     
  0.18080000000000002        79.359520458229355     
  0.18160000000000001        79.282157125585812     
  0.18240000000000001        79.205941279260543     
  0.18320000000000000        79.130865932633768     
  0.18400000000000000        79.056923980129014     
  0.18480000000000002        78.984108203572987     
  0.18560000000000001        78.912411278376283     
  0.18640000000000001        78.841825779538723     
  0.18720000000000001        78.772344187483782     
  0.18800000000000000        78.703958893725883     
  0.18880000000000000        78.636662206374510     
  0.18960000000000002        78.570446355478794     
  0.19040000000000001        78.505303498216776     
  0.19120000000000001        78.441225723932249     
  0.19200000000000000        78.378205059023529     
  0.19280000000000000        78.316233471687241     
  0.19360000000000002        78.255302876520403     
  0.19440000000000002        78.195405138984682     
  0.19520000000000001        78.136532079735630     
  0.19600000000000001        78.078675478820315     
  0.19680000000000000        78.021827079746430     
  0.19760000000000000        77.965978593426087     
  0.19840000000000002        77.911121701997146     
  0.19920000000000002        77.857248062525073     
  0.20000000000000001        77.804349310588279     
  0.20080000000000001        77.752417063749718     
  0.20160000000000000        77.701442924917444     
  0.20240000000000000        77.651418485596935     
  0.20320000000000002        77.602335329037814     
  0.20400000000000001        77.554185033277378     
  0.20480000000000001        77.506959174083775     
  0.20560000000000000        77.460649327801093     
  0.20640000000000000        77.415247074098815     
  0.20720000000000002        77.370743998627859     
  0.20800000000000002        77.327131695586061     
  0.20880000000000001        77.284401770194563     
  0.20960000000000001        77.242545841088187     
  0.21040000000000000        77.201555542621065     
  0.21120000000000000        77.161422527090551     
  0.21200000000000002        77.122138466880799     
  0.21280000000000002        77.083695056528271     
  0.21360000000000001        77.046084014711326     
  0.21440000000000001        77.009297086165645     
  0.21520000000000000        76.973326043527393     
  0.21600000000000000        76.938162689105894     
  0.21680000000000002        76.903798856588125     
  0.21760000000000002        76.870226412675933     
  0.21840000000000001        76.837437258658667     
  0.21920000000000001        76.805423331922114     
  0.22000000000000000        76.774176607396001     
  0.22080000000000002        76.743689098941260     
  0.22160000000000002        76.713952860678901     
  0.22240000000000001        76.684959988261980     
  0.22320000000000001        76.656702620092034     
  0.22400000000000000        76.629172938481688     
  0.22480000000000000        76.602363170764747     
  0.22560000000000002        76.576265590355305     
  0.22640000000000002        76.550872517756915     
  0.22720000000000001        76.526176321523721     
  0.22800000000000001        76.502169419174336     
  0.22880000000000000        76.478844278060222     
  0.22960000000000000        76.456193416189365     
  0.23040000000000002        76.434209403006975     
  0.23120000000000002        76.412884860133815     
  0.23200000000000001        76.392212462064165     
  0.23280000000000001        76.372184936823572     
  0.23360000000000000        76.352795066588328     
  0.23440000000000003        76.334035688267434     
  0.23520000000000002        76.315899694048099     
  0.23600000000000002        76.298380031905793     
  0.23680000000000001        76.281469706080244     
  0.23760000000000001        76.265161777517690     
  0.23840000000000000        76.249449364281119     
  0.23920000000000002        76.234325641928834     
  0.24000000000000002        76.219783843862729     
  0.24080000000000001        76.205817261646857     
  0.24160000000000001        76.192419245297344     
  0.24240000000000000        76.179583203544439     
  0.24320000000000000        76.167302604067629     
  0.24400000000000002        76.155570973704712     
  0.24480000000000002        76.144381898635075     
  0.24560000000000001        76.133729024539036     
  0.24640000000000001        76.123606056732825     
  0.24720000000000000        76.114006760280887     
  0.24800000000000000        76.104924960085697     
  0.24880000000000002        76.096354540955815     
  0.24960000000000002        76.088289447653480     
  0.25040000000000001        76.080723684921480     
  0.25120000000000003        76.073651317490686     
  0.25200000000000000        76.067066470068696     
  0.25280000000000002        76.060963327309977     
  0.25359999999999999        76.055336133768606     
  0.25440000000000002        76.050179193833642     
  0.25520000000000004        76.045486871648194     
  0.25600000000000001        76.041253591012421     
  0.25680000000000003        76.037473835271314     
  0.25760000000000000        76.034142147187509     
  0.25840000000000002        76.031253128799818     
  0.25919999999999999        76.028801441268001     
  0.26000000000000001        76.026781804704271     
  0.26080000000000003        76.025188997991918     
  0.26160000000000000        76.024017858591705     
  0.26240000000000002        76.023263282336387     
  0.26319999999999999        76.022920223213646     
  0.26400000000000001        76.022983693138400     
  0.26480000000000004        76.023448761714320     
  0.26560000000000000        76.024310555985267     
  0.26640000000000003        76.025564260177092     
  0.26719999999999999        76.027205115430078     
  0.26800000000000002        76.029228419522539     
  0.26880000000000004        76.031629526585675     
  0.26960000000000001        76.034403846810520     
  0.27040000000000003        76.037546846146753     
  0.27120000000000000        76.041054045994400     
  0.27200000000000002        76.044921022888019     
  0.27279999999999999        76.049143408174388     
  0.27360000000000001        76.053716887683507     
  0.27440000000000003        76.058637201393481     
  0.27520000000000000        76.063900143089541     
  0.27600000000000002        76.069501560017571     
  0.27679999999999999        76.075437352532077     
  0.27760000000000001        76.081703473739495     
  0.27840000000000004        76.088295929136493     
  0.27920000000000000        76.095210776243889     
  0.28000000000000003        76.102444124236342     
  0.28079999999999999        76.109992133568056     
  0.28160000000000002        76.117851015594795     
  0.28240000000000004        76.126017032192308     
  0.28320000000000001        76.134486495371647     
  0.28400000000000003        76.143255766891244     
  0.28480000000000000        76.152321257866234     
  0.28560000000000002        76.161679428375379     
  0.28639999999999999        76.171326787065013     
  0.28720000000000001        76.181259890751434     
  0.28800000000000003        76.191475344020816     
  0.28880000000000000        76.201969798827420     
  0.28960000000000002        76.212739954090182     
  0.29039999999999999        76.223782555287556     
  0.29120000000000001        76.235094394051643     
  0.29200000000000004        76.246672307760321     
  0.29280000000000000        76.258513179129096     
  0.29360000000000003        76.270613935801691     
  0.29440000000000000        76.282971549940157     
  0.29520000000000002        76.295583037814296     
  0.29600000000000004        76.308445459390740     
  0.29680000000000001        76.321555917921813     
  0.29760000000000003        76.334911559534092     
  0.29840000000000000        76.348509572817036     
  0.29920000000000002        76.362347188411817     
  0.29999999999999999        76.376421678600238     
  0.30080000000000001        76.390730356893982     
  0.30160000000000003        76.405270577624492     
  0.30240000000000000        76.420039735533123     
  0.30320000000000003        76.435035265362316     
  0.30399999999999999        76.450254641447074     
  0.30480000000000002        76.465695377307838     
  0.30560000000000004        76.481355025243786     
  0.30640000000000001        76.497231175927581     
  0.30720000000000003        76.513321458000974     
  0.30800000000000000        76.529623537671810     
  0.30880000000000002        76.546135118312122     
  0.30960000000000004        76.562853940057806     
  0.31040000000000001        76.579777779409625     
  0.31120000000000003        76.596904448835673     
  0.31200000000000000        76.614231796375535     
  0.31280000000000002        76.631757705246031     
  0.31359999999999999        76.649480093448702     
  0.31440000000000001        76.667396913378980     
  0.31520000000000004        76.685506151437394     
  0.31600000000000000        76.703805827642384     
  0.31680000000000003        76.722293995245238     
  0.31759999999999999        76.740968740346986     
  0.31840000000000002        76.759828181517364     
  0.31920000000000004        76.778870469415779     
  0.32000000000000001        76.798093786414398     
  0.32080000000000003        76.817496346223550     
  0.32160000000000000        76.837076393519212     
  0.32240000000000002        76.856832203572807     
  0.32320000000000004        76.876762081883186     
  0.32400000000000001        76.896864363811147     
  0.32480000000000003        76.917137414216171     
  0.32560000000000000        76.937579627095403     
  0.32640000000000002        76.958189425225342     
  0.32719999999999999        76.978965259805832     
  0.32800000000000001        76.999905610106538     
  0.32880000000000004        77.021008983115777     
  0.32960000000000000        77.042273913192233     
  0.33040000000000003        77.063698961718785     
  0.33119999999999999        77.085282716759195     
  0.33200000000000002        77.107023792717243     
  0.33280000000000004        77.128920829998521     
  0.33360000000000001        77.150972494674775     
  0.33440000000000003        77.173177478150976     
  0.33520000000000000        77.195534496834924     
  0.33600000000000002        77.218042291809596     
  0.33680000000000004        77.240699628507997     
  0.33760000000000001        77.263505296391074     
  0.33840000000000003        77.286458108627713     
  0.33920000000000000        77.309556901778109     
  0.34000000000000002        77.332800535479223     
  0.34079999999999999        77.356187892133406     
  0.34160000000000001        77.379717876599472     
  0.34240000000000004        77.403389415886522     
  0.34320000000000001        77.427201458850661     
  0.34400000000000003        77.451152975894175     
  0.34480000000000000        77.475242958667621     
  0.34560000000000002        77.499470419774610     
  0.34640000000000004        77.523834392479145     
  0.34720000000000001        77.548333930416092     
  0.34800000000000003        77.572968107303737     
  0.34880000000000000        77.597736016659752     
  0.34960000000000002        77.622636771519339     
  0.35039999999999999        77.647669504156383     
  0.35120000000000001        77.672833365807179     
  0.35200000000000004        77.698127526396988     
  0.35280000000000000        77.723551174269005     
  0.35360000000000003        77.749103515916431     
  0.35439999999999999        77.774783775716926     
  0.35520000000000002        77.800591195669782     
  0.35600000000000004        77.826525035135845     
  0.35680000000000001        77.852584570580035     
  0.35760000000000003        77.878769095316542     
  0.35840000000000000        77.905077919256669     
  0.35920000000000002        77.931510368659204     
  0.36000000000000004        77.958065785883619     
  0.36080000000000001        77.984743529145703     
  0.36160000000000003        78.011542972275777     
  0.36240000000000000        78.038463504479651     
  0.36320000000000002        78.065504530102061     
  0.36399999999999999        78.092665468392653     
  0.36480000000000001        78.119945753274507     
  0.36560000000000004        78.147344833115312     
  0.36640000000000000        78.174862170500887     
  0.36720000000000003        78.202497242011376     
  0.36799999999999999        78.230249537999882     
  0.36880000000000002        78.258118562373511     
  0.36960000000000004        78.286103832376980     
  0.37040000000000001        78.314204878378646     
  0.37120000000000003        78.342421243659004     
  0.37200000000000000        78.370752484201446     
  0.37280000000000002        78.399198168485768     
  0.37360000000000004        78.427757877283653     
  0.37440000000000001        78.456431203456873     
  0.37520000000000003        78.485217751757702     
  0.37600000000000000        78.514117138631619     
  0.37680000000000002        78.543128992022503     
  0.37759999999999999        78.572252951179962     
  0.37840000000000001        78.601488666469152     
  0.37920000000000004        78.630835799182663     
  0.38000000000000000        78.660294021354886     
  0.38080000000000003        78.689863015578410     
  0.38159999999999999        78.719542474822845     
  0.38240000000000002        78.749332102255764     
  0.38320000000000004        78.779231611065754     
  0.38400000000000001        78.809240724287847     
  0.38480000000000003        78.839359174630971     
  0.38560000000000000        78.869586704307608     
  0.38640000000000002        78.899923064865462     
  0.38720000000000004        78.930368017021394     
  0.38800000000000001        78.960921330497456     
  0.38880000000000003        78.991582783858718     
  0.38960000000000000        79.022352164353592     
  0.39040000000000002        79.053229267755754     
  0.39119999999999999        79.084213898208517     
  0.39200000000000002        79.115305868070777     
  0.39280000000000004        79.146504997765362     
  0.39360000000000001        79.177811115628899     
  0.39440000000000003        79.209224057764146     
  0.39520000000000000        79.240743667893824     
  0.39600000000000002        79.272369797216612     
  0.39680000000000004        79.304102304264887     
  0.39760000000000001        79.335941054764547     
  0.39840000000000003        79.367885921496452     
  0.39920000000000000        79.399936784159905     
  0.40000000000000002        79.432093529237932     
