   0.00000000       0.00000000    
   8.0000000000000004E-004   3.3466521147874446     
   1.6000000000000001E-003   6.6087975206340390     
   2.4000000000000002E-003   9.7882327098301634     
   3.2000000000000002E-003   12.886720041057423     
   4.0000000000000001E-003   15.905988153205321     
   4.8000000000000004E-003   18.847732468772005     
   5.5999999999999999E-003   21.713615727665857     
   6.4000000000000003E-003   24.505268532609989     
   7.2000000000000007E-003   27.224289897810074     
   8.0000000000000002E-003   29.872247796540872     
   8.8000000000000005E-003   32.450679705156716     
   9.6000000000000009E-003   34.961093141999896     
   1.0400000000000001E-002   37.404966200234092     
   1.1200000000000000E-002   39.783748073967566     
   1.2000000000000000E-002   42.098859577246415     
   1.2800000000000001E-002   44.351693655643096     
   1.3600000000000001E-002   46.543615890264377     
   1.4400000000000001E-002   48.675964994073780     
   1.5200000000000000E-002   50.750053300473915     
   1.6000000000000000E-002   52.767167244132693     
   1.6800000000000002E-002   54.728567834064208     
   1.7600000000000001E-002   56.635491118997720     
   1.8400000000000000E-002   58.489148645083461     
   1.9200000000000002E-002   60.290727905997016     
   2.0000000000000000E-002   62.041392785513544     
   2.0800000000000003E-002   63.742283992630512     
   2.1600000000000001E-002   65.394519489323798     
   2.2400000000000000E-002   66.999194911025924     
   2.3200000000000002E-002   68.557383979919251     
   2.4000000000000000E-002   70.070138911138471     
   2.4800000000000003E-002   71.538490811980211     
   2.5600000000000001E-002   72.963450074217448     
   2.6400000000000000E-002   74.346006759617566     
   2.7200000000000002E-002   75.687130978764571     
   2.8000000000000001E-002   76.987773263284311     
   2.8800000000000003E-002   78.248864931573010     
   2.9600000000000001E-002   79.471318448128770     
   3.0400000000000000E-002   80.656027776584608     
   3.1200000000000002E-002   81.803868726541950     
   3.2000000000000001E-002   82.915699294302286     
   3.2800000000000003E-002   83.992359997594122     
   3.3600000000000005E-002   85.034674204391138     
   3.4400000000000000E-002   86.043448455917115     
   3.5200000000000002E-002   87.019472783931647     
   3.6000000000000004E-002   87.963521022389656     
   3.6799999999999999E-002   88.876351113567281     
   3.7600000000000001E-002   89.758705408744817     
   3.8400000000000004E-002   90.611310963536155     
   3.9199999999999999E-002   91.434879827954489     
   4.0000000000000001E-002   92.230109331300611     
   4.0800000000000003E-002   92.997682361960742     
   4.1600000000000005E-002   93.738267642199162     
   4.2400000000000000E-002   94.452519998029146     
   4.3200000000000002E-002   95.141080624245276     
   4.4000000000000004E-002   95.804577344698615     
   4.4800000000000000E-002   96.443624867894812     
   4.5600000000000002E-002   97.058825037995078     
   4.6400000000000004E-002   97.650767081297033     
   4.7199999999999999E-002   98.220027848273034     
   4.8000000000000001E-002   98.767172051241332     
   4.8800000000000003E-002   99.292752497744374     
   4.9600000000000005E-002   99.797310319708004     
   5.0400000000000000E-002   100.28137519845345     
   5.1200000000000002E-002   100.74546558563331     
   5.2000000000000005E-002   101.19008892016150     
   5.2800000000000000E-002   101.61574184120586     
   5.3600000000000002E-002   102.02291039731168     
   5.4400000000000004E-002   102.41207025172196     
   5.5200000000000006E-002   102.78368688396117     
   5.6000000000000001E-002   103.13821578774596     
   5.6800000000000003E-002   103.47610266528720     
   5.7600000000000005E-002   103.79778361804541     
   5.8400000000000001E-002   104.10368533400113     
   5.9200000000000003E-002   104.39422527150091     
   6.0000000000000005E-002   104.66981183973833     
   6.0800000000000000E-002   104.93084457592836     
   6.1600000000000002E-002   105.17771431923312     
   6.2400000000000004E-002   105.41080338149519     
   6.3200000000000006E-002   105.63048571483451     
   6.4000000000000001E-002   105.83712707616336     
   6.4799999999999996E-002   106.03108518867379     
   6.5600000000000006E-002   106.21270990034967     
   6.6400000000000001E-002   106.38234333955634     
   6.7200000000000010E-002   106.54032006775874     
   6.8000000000000005E-002   106.68696722941792     
   6.8800000000000000E-002   106.82260469911634     
   6.9600000000000009E-002   106.94754522596030     
   7.0400000000000004E-002   107.06209457530719     
   7.1199999999999999E-002   107.16655166786461     
   7.2000000000000008E-002   107.26120871620874     
   7.2800000000000004E-002   107.34635135876556     
   7.3599999999999999E-002   107.42225879130181     
   7.4400000000000008E-002   107.48920389596800     
   7.5200000000000003E-002   107.54745336793771     
   7.5999999999999998E-002   107.59726783968532     
   7.6800000000000007E-002   107.63890200294431     
   7.7600000000000002E-002   107.67260472838693     
   7.8399999999999997E-002   107.69861918306567     
   7.9200000000000007E-002   107.71718294565655     
   8.0000000000000002E-002   107.72852811954293     
   8.0800000000000011E-002   107.73288144377871     
   8.1600000000000006E-002   107.73046440196802     
   8.2400000000000001E-002   107.72149332909899     
   8.3200000000000010E-002   107.70617951636807     
   8.4000000000000005E-002   107.68472931403036     
   8.4800000000000000E-002   107.65734423231153     
   8.5600000000000009E-002   107.62422104041595     
   8.6400000000000005E-002   107.58555186366473     
   8.7200000000000000E-002   107.54152427879770     
   8.8000000000000009E-002   107.49232140747159     
   8.8800000000000004E-002   107.43812200798712     
   8.9599999999999999E-002   107.37910056527676     
   9.0400000000000008E-002   107.31542737918417     
   9.1200000000000003E-002   107.24726865106619     
   9.1999999999999998E-002   107.17478656874746     
   9.2800000000000007E-002   107.09813938985724     
   9.3600000000000003E-002   107.01748152357776     
   9.4399999999999998E-002   106.93296361083235     
   9.5200000000000007E-002   106.84473260294205     
   9.6000000000000002E-002   106.75293183877780     
   9.6800000000000011E-002   106.65770112043559     
   9.7600000000000006E-002   106.55917678746128     
   9.8400000000000001E-002   106.45749178965144     
   9.9200000000000010E-002   106.35277575845556     
  0.10000000000000001        106.24515507700568     
  0.10080000000000000        106.13475294879746     
  0.10160000000000001        106.02168946504797     
  0.10240000000000000        105.90608167075362     
  0.10320000000000000        105.78804362947234     
  0.10400000000000001        105.66768648685260     
  0.10480000000000000        105.54511853293300     
  0.10560000000000000        105.42044526323366     
  0.10640000000000001        105.29376943866265     
  0.10720000000000000        105.16519114425800     
  0.10800000000000000        105.03480784678740     
  0.10880000000000001        104.90271445122586     
  0.10960000000000000        104.76900335613236     
  0.11040000000000001        104.63376450794502     
  0.11120000000000001        104.49708545421539     
  0.11200000000000000        104.35905139580069     
  0.11280000000000001        104.21974523803323     
  0.11360000000000001        104.07924764088605     
  0.11440000000000000        103.93763706815302     
  0.11520000000000001        103.79498983566168     
  0.11600000000000001        103.65138015853638     
  0.11680000000000000        103.50688019752936     
  0.11760000000000001        103.36156010443720     
  0.11840000000000001        103.21548806661919     
  0.11920000000000000        103.06873035063416     
  0.12000000000000001        102.92135134501244     
  0.12080000000000000        102.77341360217876     
  0.12160000000000000        102.62497787954167     
  0.12240000000000001        102.47610317976509     
  0.12320000000000000        102.32684679023731     
  0.12400000000000000        102.17726432175202     
  0.12480000000000001        102.02740974641620     
  0.12560000000000002        101.87733543479938     
  0.12640000000000001        101.72709219233798     
  0.12720000000000001        101.57672929500920     
  0.12800000000000000        101.42629452428754     
  0.12880000000000000        101.27583420139780     
  0.12959999999999999        101.12539322087713     
  0.13040000000000002        100.97501508345989     
  0.13120000000000001        100.82474192829713     
  0.13200000000000001        100.67461456452381     
  0.13280000000000000        100.52467250218557     
  0.13360000000000000        100.37495398253743     
  0.13440000000000002        100.22549600772584     
  0.13520000000000001        100.07633436986609     
  0.13600000000000001        99.927503679526055     
  0.13680000000000000        99.779037393628002     
  0.13760000000000000        99.630967842778603     
  0.13840000000000000        99.483326258039057     
  0.13920000000000002        99.336142797144873     
  0.14000000000000001        99.189446570186306     
  0.14080000000000001        99.043265664759616     
  0.14160000000000000        98.897627170598923     
  0.14240000000000000        98.752557203698885     
  0.14319999999999999        98.608080929937486     
  0.14400000000000002        98.464222588208827     
  0.14480000000000001        98.321005513074837     
  0.14560000000000001        98.178452156945511     
  0.14640000000000000        98.036584111796330     
  0.14720000000000000        97.895422130431839     
  0.14800000000000002        97.754986147304109     
  0.14880000000000002        97.615295298894480     
  0.14960000000000001        97.476367943667015     
  0.15040000000000001        97.338221681601937     
  0.15120000000000000        97.200873373317080     
  0.15200000000000000        97.064339158785089     
  0.15280000000000002        96.928634475654576     
  0.15360000000000001        96.793774077182320     
  0.15440000000000001        96.659772049784578     
  0.15520000000000000        96.526641830214388     
  0.15600000000000000        96.394396222372293     
  0.15679999999999999        96.263047413757690     
  0.15760000000000002        96.132606991567556     
  0.15840000000000001        96.003085958449560     
  0.15920000000000001        95.874494747916188     
  0.16000000000000000        95.746843239426383     
  0.16080000000000000        95.620140773141458     
  0.16160000000000002        95.494396164361262     
  0.16240000000000002        95.369617717647330     
  0.16320000000000001        95.245813240638469     
  0.16400000000000001        95.122990057565332     
  0.16480000000000000        95.001155022469788     
  0.16560000000000000        94.880314532134761     
  0.16640000000000002        94.760474538730023     
  0.16720000000000002        94.641640562180186     
  0.16800000000000001        94.523817702259592     
  0.16880000000000001        94.407010650419934     
  0.16960000000000000        94.291223701355875     
  0.17040000000000000        94.176460764313674     
  0.17120000000000002        94.062725374147860     
  0.17200000000000001        93.950020702131440     
  0.17280000000000001        93.838349566523675     
  0.17360000000000000        93.727714442901089     
  0.17440000000000000        93.618117474255953     
  0.17519999999999999        93.509560480866952     
  0.17600000000000002        93.402044969946559     
  0.17680000000000001        93.295572145069897     
  0.17760000000000001        93.190142915388890     
  0.17840000000000000        93.085757904636367     
  0.17920000000000000        92.982417459924477     
  0.18000000000000002        92.880121660341160     
  0.18080000000000002        92.778870325349104     
  0.18160000000000001        92.678663022990619     
  0.18240000000000001        92.579499077903279     
  0.18320000000000000        92.481377579149139     
  0.18400000000000000        92.384297387861906     
  0.18480000000000002        92.288257144715800     
  0.18560000000000001        92.193255277219194     
  0.18640000000000001        92.099290006837165     
  0.18720000000000001        92.006359355946245     
  0.18800000000000000        91.914461154624604     
  0.18880000000000000        91.823593047281292     
  0.18960000000000002        91.733752499127803     
  0.19040000000000001        91.644936802494954     
  0.19120000000000001        91.557143082998479     
  0.19200000000000000        91.470368305556619     
  0.19280000000000000        91.384609280262225     
  0.19360000000000002        91.299862668112738     
  0.19440000000000002        91.216124986601216     
  0.19520000000000001        91.133392615170663     
  0.19600000000000001        91.051661800535058     
  0.19680000000000000        90.970928661869522     
  0.19760000000000000        90.891189195872485     
  0.19840000000000002        90.812439281702510     
  0.19920000000000002        90.734674685792484     
  0.20000000000000001        90.657891066543385     
  0.20080000000000001        90.582083978900698     
  0.20160000000000000        90.507248878815389     
  0.20240000000000000        90.433381127592426     
  0.20320000000000002        90.360475996128628     
  0.20400000000000001        90.288528669042691     
  0.20480000000000001        90.217534248699238     
  0.20560000000000000        90.147487759129760     
  0.20640000000000000        90.078384149851843     
  0.20720000000000002        90.010218299589340     
  0.20800000000000002        89.942985019895744     
  0.20880000000000001        89.876679058682299     
  0.20960000000000001        89.811295103653308     
  0.21040000000000000        89.746827785650666     
  0.21120000000000000        89.683271681909204     
  0.21200000000000002        89.620621319224981     
  0.21280000000000002        89.558871177038625     
  0.21360000000000001        89.498015690435054     
  0.21440000000000001        89.438049253062061     
  0.21520000000000000        89.378966219968746     
  0.21600000000000000        89.320760910366147     
  0.21680000000000002        89.263427610311652     
  0.21760000000000002        89.206960575318661     
  0.21840000000000001        89.151354032893252     
  0.21920000000000001        89.096602184999497     
  0.22000000000000000        89.042699210455069     
  0.22080000000000002        88.989639267258397     
  0.22160000000000002        88.937416494849202     
  0.22240000000000001        88.886025016303833     
  0.22320000000000001        88.835458940466509     
  0.22400000000000000        88.785712364018494     
  0.22480000000000000        88.736779373486172     
  0.22560000000000002        88.688654047189388     
  0.22640000000000002        88.641330457131716     
  0.22720000000000001        88.594802670833559     
  0.22800000000000001        88.549064753109704     
  0.22880000000000000        88.504110767792554     
  0.22960000000000000        88.459934779401920     
  0.23040000000000002        88.416530854763067     
  0.23120000000000002        88.373893064574034     
  0.23200000000000001        88.332015484923147     
  0.23280000000000001        88.290892198758229     
  0.23360000000000000        88.250517297308434     
  0.23440000000000003        88.210884881459847     
  0.23520000000000002        88.171989063085846     
  0.23600000000000002        88.133823966333438     
  0.23680000000000001        88.096383728866499     
  0.23760000000000001        88.059662503066875     
  0.23840000000000000        88.023654457194354     
  0.23920000000000002        87.988353776506699     
  0.24000000000000002        87.953754664340465     
  0.24080000000000001        87.919851343153368     
  0.24160000000000001        87.886638055529644     
  0.24240000000000000        87.854109065148663     
  0.24320000000000000        87.822258657718308     
  0.24400000000000002        87.791081141873448     
  0.24480000000000002        87.760570850040480     
  0.24560000000000001        87.730722139269034     
  0.24640000000000001        87.701529392031361     
  0.24720000000000000        87.672987016990263     
  0.24800000000000000        87.645089449736290     
  0.24880000000000002        87.617831153495146     
  0.24960000000000002        87.591206619805675     
  0.25040000000000001        87.565210369169804     
  0.25120000000000003        87.539836951674360     
  0.25200000000000000        87.515080947585901     
  0.25280000000000002        87.490936967919311     
  0.25359999999999999        87.467399654980653     
  0.25440000000000002        87.444463682884887     
  0.25520000000000004        87.422123758049182     
  0.25600000000000001        87.400374619662514     
  0.25680000000000003        87.379211040131977     
  0.25760000000000000        87.358627825506730     
  0.25840000000000002        87.338619815879525     
  0.25919999999999999        87.319181885767236     
  0.26000000000000001        87.300308944470444     
  0.26080000000000003        87.281995936412414     
  0.26160000000000000        87.264237841458595     
  0.26240000000000002        87.247029675216908     
  0.26319999999999999        87.230366489318854     
  0.26400000000000001        87.214243371683111     
  0.26480000000000004        87.198655446760611     
  0.26560000000000000        87.183597875762914     
  0.26640000000000003        87.169065856873601     
  0.26719999999999999        87.155054625443285     
  0.26800000000000002        87.141559454168828     
  0.26880000000000004        87.128575653257144     
  0.26960000000000001        87.116098570573868     
  0.27040000000000003        87.104123591777608     
  0.27120000000000000        87.092646140439925     
  0.27200000000000002        87.081661678151562     
  0.27279999999999999        87.071165704615311     
  0.27360000000000001        87.061153757725947     
  0.27440000000000003        87.051621413637449     
  0.27520000000000000        87.042564286818049     
  0.27600000000000002        87.033978030093522     
  0.27679999999999999        87.025858334678574     
  0.27760000000000001        87.018200930197523     
  0.27840000000000004        87.011001584693943     
  0.27920000000000000        87.004256104629505     
  0.28000000000000003        86.997960334873170     
  0.28079999999999999        86.992110158680148     
  0.28160000000000002        86.986701497661286     
  0.28240000000000004        86.981730311743362     
  0.28320000000000001        86.977192599120301     
  0.28400000000000003        86.973084396195688     
  0.28480000000000000        86.969401777516921     
  0.28560000000000002        86.966140855701269     
  0.28639999999999999        86.963297781353901     
  0.28720000000000001        86.960868742978477     
  0.28800000000000003        86.958849966880365     
  0.28880000000000000        86.957237717062597     
  0.28960000000000002        86.956028295115345     
  0.29039999999999999        86.955218040098217     
  0.29120000000000001        86.954803328416730     
  0.29200000000000004        86.954780573692219     
  0.29280000000000000        86.955146226626084     
  0.29360000000000003        86.955896774858047     
  0.29440000000000000        86.957028742819176     
  0.29520000000000002        86.958538691579363     
  0.29600000000000004        86.960423218689897     
  0.29680000000000001        86.962678958020959     
  0.29760000000000003        86.965302579594464     
  0.29840000000000000        86.968290789412450     
  0.29920000000000002        86.971640329280916     
  0.29999999999999999        86.975347976629848     
  0.30080000000000001        86.979410544328701     
  0.30160000000000003        86.983824880498645     
  0.30240000000000000        86.988587868320650     
  0.30320000000000003        86.993696425840454     
  0.30399999999999999        86.999147505769884     
  0.30480000000000002        87.004938095285155     
  0.30560000000000004        87.011065215822043     
  0.30640000000000001        87.017525922868202     
  0.30720000000000003        87.024317305752746     
  0.30800000000000000        87.031436487433083     
  0.30880000000000002        87.038880624279329     
  0.30960000000000004        87.046646905856491     
  0.31040000000000001        87.054732554704174     
  0.31120000000000003        87.063134826114378     
  0.31200000000000000        87.071851007907242     
  0.31280000000000002        87.080878420204797     
  0.31359999999999999        87.090214415203263     
  0.31440000000000001        87.099856376943436     
  0.31520000000000004        87.109801721079563     
  0.31600000000000000        87.120047894646959     
  0.31680000000000003        87.130592375828087     
  0.31759999999999999        87.141432673717603     
  0.31840000000000002        87.152566328086124     
  0.31920000000000004        87.163990909143024     
  0.32000000000000001        87.175704017298315     
  0.32080000000000003        87.187703282923579     
  0.32160000000000000        87.199986366112242     
  0.32240000000000002        87.212550956439060     
  0.32320000000000004        87.225394772719113     
  0.32400000000000001        87.238515562766224     
  0.32480000000000003        87.251911103150860     
  0.32560000000000000        87.265579198957852     
  0.32640000000000002        87.279517683543560     
  0.32719999999999999        87.293724418293081     
  0.32800000000000001        87.308197292377102     
  0.32880000000000004        87.322934222508763     
  0.32960000000000000        87.337933152700501     
  0.33040000000000003        87.353192054020823     
  0.33119999999999999        87.368708924351282     
  0.33200000000000002        87.384481788143574     
  0.33280000000000004        87.400508696176928     
  0.33360000000000001        87.416787725315501     
  0.33440000000000003        87.433316978266589     
  0.33520000000000000        87.450094583338597     
  0.33600000000000002        87.467118694199954     
  0.33680000000000004        87.484387489638166     
  0.33760000000000001        87.501899173319615     
  0.33840000000000003        87.519651973549799     
  0.33920000000000000        87.537644143034186     
  0.34000000000000002        87.555873958639737     
  0.34079999999999999        87.574339721157145     
  0.34160000000000001        87.593039755063828     
  0.34240000000000004        87.611972408287613     
  0.34320000000000001        87.631136051971254     
  0.34400000000000003        87.650529080237831     
  0.34480000000000000        87.670149909957075     
  0.34560000000000002        87.689996980512390     
  0.34640000000000004        87.710068753569104     
  0.34720000000000001        87.730363712843442     
  0.34800000000000003        87.750880363872668     
  0.34880000000000000        87.771617233786188     
  0.34960000000000002        87.792572871077780     
  0.35039999999999999        87.813745845378733     
  0.35120000000000001        87.835134747232303     
  0.35200000000000004        87.856738187869183     
  0.35280000000000000        87.878554798984183     
  0.35360000000000003        87.900583232513995     
  0.35439999999999999        87.922822160416359     
  0.35520000000000002        87.945270274450138     
  0.35600000000000004        87.967926285956977     
  0.35680000000000001        87.990788925643983     
  0.35760000000000003        88.013856943367685     
  0.35840000000000000        88.037129107919469     
  0.35920000000000002        88.060604206812130     
  0.36000000000000004        88.084281046067773     
  0.36080000000000001        88.108158450007252     
  0.36160000000000003        88.132235261040549     
  0.36240000000000000        88.156510339459004     
  0.36320000000000002        88.180982563228611     
  0.36399999999999999        88.205650827784638     
  0.36480000000000001        88.230514045827988     
  0.36560000000000004        88.255571147122609     
  0.36640000000000000        88.280821078294466     
  0.36720000000000003        88.306262802632020     
  0.36799999999999999        88.331895299888018     
  0.36880000000000002        88.357717566082727     
  0.36960000000000004        88.383728613308620     
  0.37040000000000001        88.409927469536726     
  0.37120000000000003        88.436313178424072     
  0.37200000000000000        88.462884799122747     
  0.37280000000000002        88.489641406090669     
  0.37360000000000004        88.516582088903476     
  0.37440000000000001        88.543705952067995     
  0.37520000000000003        88.571012114837373     
  0.37600000000000000        88.598499711027415     
  0.37680000000000002        88.626167888834615     
  0.37759999999999999        88.654015810655679     
  0.37840000000000001        88.682042652908251     
  0.37920000000000004        88.710247605853553     
  0.38000000000000000        88.738629873420237     
  0.38080000000000003        88.767188673029651     
  0.38159999999999999        88.795923235422990     
  0.38240000000000002        88.824832804489503     
  0.38320000000000004        88.853916637096432     
  0.38400000000000001        88.883174002920356     
  0.38480000000000003        88.912604184280099     
  0.38560000000000000        88.942206475971091     
  0.38640000000000002        88.971980185100989     
  0.38720000000000004        89.001924630927277     
  0.38800000000000001        89.032039144695887     
  0.38880000000000003        89.062323069481423     
  0.38960000000000000        89.092775760028985     
  0.39040000000000002        89.123396582597294     
  0.39119999999999999        89.154184914803523     
  0.39200000000000002        89.185140145469092     
  0.39280000000000004        89.216261674467646     
  0.39360000000000001        89.247548912573706     
  0.39440000000000003        89.279001281313526     
  0.39520000000000000        89.310618212816649     
  0.39600000000000002        89.342399149669603     
  0.39680000000000004        89.374343544770383     
  0.39760000000000001        89.406450861184936     
  0.39840000000000003        89.438720572004613     
  0.39920000000000000        89.471152160205307     
  0.40000000000000002        89.503745118507936     
