   0.00000000       0.00000000    
   8.0000000000000004E-004   3.3341645090845824     
   1.6000000000000001E-003   6.5596139356605159     
   2.4000000000000002E-003   9.6792674047130411     
   3.2000000000000002E-003   12.695973948212885     
   4.0000000000000001E-003   15.612513933753364     
   4.8000000000000004E-003   18.431600537014372     
   5.5999999999999999E-003   21.155881212447664     
   6.4000000000000003E-003   23.787939148080952     
   7.2000000000000007E-003   26.330294698489379     
   8.0000000000000002E-003   28.785406793089269     
   8.8000000000000005E-003   31.155674318342029     
   9.6000000000000009E-003   33.443437473200362     
   1.0400000000000001E-002   35.650979097550426     
   1.1200000000000000E-002   37.780525973655259     
   1.2000000000000000E-002   39.834250100763207     
   1.2800000000000001E-002   41.814269943146854     
   1.3600000000000001E-002   43.722651651905558     
   1.4400000000000001E-002   45.561410260909206     
   1.5200000000000000E-002   47.332510857290927     
   1.6000000000000000E-002   49.037869726915716     
   1.6800000000000002E-002   50.679355475265027     
   1.7600000000000001E-002   52.258790124183548     
   1.8400000000000000E-002   53.777950184939229     
   1.9200000000000002E-002   55.238567708047178     
   2.0000000000000000E-002   56.642331310307689     
   2.0800000000000003E-002   57.990887179505812     
   2.1600000000000001E-002   59.285840057215097     
   2.2400000000000000E-002   60.528754200144853     
   2.3200000000000002E-002   61.721154320463505     
   2.4000000000000000E-002   62.864526505525383     
   2.4800000000000003E-002   63.960319117422230     
   2.5600000000000001E-002   65.009943672773190     
   2.6400000000000000E-002   66.014775703161590     
   2.7200000000000002E-002   66.976155596618966     
   2.8000000000000001E-002   67.895389420550359     
   2.8800000000000003E-002   68.773749726487580     
   2.9600000000000001E-002   69.612476337050524     
   3.0400000000000000E-002   70.412777115489448     
   3.1200000000000002E-002   71.175828718173634     
   3.2000000000000001E-002   71.902777330386300     
   3.2800000000000003E-002   72.594739385776933     
   3.3600000000000005E-002   73.252802269817138     
   3.4400000000000000E-002   73.878025007598097     
   3.5200000000000002E-002   74.471438936302050     
   3.6000000000000004E-002   75.034048362672863     
   3.6799999999999999E-002   75.566831205804874     
   3.7600000000000001E-002   76.070739625562723     
   3.8400000000000004E-002   76.546700636938340     
   3.9199999999999999E-002   76.995616710645351     
   4.0000000000000001E-002   77.418366360245358     
   4.0800000000000003E-002   77.815804716093766     
   4.1600000000000005E-002   78.188764086388176     
   4.2400000000000000E-002   78.538054505595227     
   4.3200000000000002E-002   78.864464270527520     
   4.4000000000000004E-002   79.168760464335705     
   4.4800000000000000E-002   79.451689468675752     
   4.5600000000000002E-002   79.713977464306055     
   4.6400000000000004E-002   79.956330920363797     
   4.7199999999999999E-002   80.179437072564809     
   4.8000000000000001E-002   80.383964390566248     
   4.8800000000000003E-002   80.570563034726064     
   4.9600000000000005E-002   80.739865302489093     
   5.0400000000000000E-002   80.892486064623810     
   5.1200000000000002E-002   81.029023191530555     
   5.2000000000000005E-002   81.150057969835700     
   5.2800000000000000E-002   81.256155509483563     
   5.3600000000000002E-002   81.347865141531628     
   5.4400000000000004E-002   81.425720806852397     
   5.5200000000000006E-002   81.490241435938700     
   5.6000000000000001E-002   81.541931320007151     
   5.6800000000000003E-002   81.581280473589061     
   5.7600000000000005E-002   81.608764988794746     
   5.8400000000000001E-002   81.624847381433156     
   5.9200000000000003E-002   81.629976929164798     
   6.0000000000000005E-002   81.624590001862188     
   6.0800000000000000E-002   81.609110384348952     
   6.1600000000000002E-002   81.583949591683790     
   6.2400000000000004E-002   81.549507177153828     
   6.3200000000000006E-002   81.506171033136624     
   6.4000000000000001E-002   81.454317684987913     
   6.4799999999999996E-002   81.394312578108526     
   6.5600000000000006E-002   81.326510358340315     
   6.6400000000000001E-002   81.251255145838542     
   6.7200000000000010E-002   81.168880802563990     
   6.8000000000000005E-002   81.079711193536028     
   6.8800000000000000E-002   80.984060441984340     
   6.9600000000000009E-002   80.882233178534051     
   7.0400000000000004E-002   80.774524784556519     
   7.1199999999999999E-002   80.661221629814762     
   7.2000000000000008E-002   80.542601304530109     
   7.2800000000000004E-002   80.418932845993893     
   7.3599999999999999E-002   80.290476959845080     
   7.4400000000000008E-002   80.157486236132641     
   7.5200000000000003E-002   80.020205360278538     
   7.5999999999999998E-002   79.878871319054895     
   7.6800000000000007E-002   79.733713601686404     
   7.7600000000000002E-002   79.584954396186831     
   7.8399999999999997E-002   79.432808781035831     
   7.9200000000000007E-002   79.277484912300338     
   8.0000000000000002E-002   79.119184206302492     
   8.0800000000000011E-002   78.958101517933372     
   8.1600000000000006E-002   78.794425314710807     
   8.2400000000000001E-002   78.628337846676104     
   8.3200000000000010E-002   78.460015312223334     
   8.4000000000000005E-002   78.289628019952787     
   8.4800000000000000E-002   78.117340546637450     
   8.5600000000000009E-002   77.943311891390920     
   8.6400000000000005E-002   77.767695626121395     
   8.7200000000000000E-002   77.590640042356227     
   8.8000000000000009E-002   77.412288294518561     
   8.8800000000000004E-002   77.232778539736699     
   8.9599999999999999E-002   77.052244074264124     
   9.0400000000000008E-002   76.870813466587393     
   9.1200000000000003E-002   76.688610687296745     
   9.1999999999999998E-002   76.505755235792918     
   9.2800000000000007E-002   76.322362263902235     
   9.3600000000000003E-002   76.138542696470040     
   9.4399999999999998E-002   75.954403349001382     
   9.5200000000000007E-002   75.770047042416365     
   9.6000000000000002E-002   75.585572714985659     
   9.6800000000000011E-002   75.401075531511012     
   9.7600000000000006E-002   75.216646989813370     
   9.8400000000000001E-002   75.032375024590465     
   9.9200000000000010E-002   74.848344108704111     
  0.10000000000000001        74.664635351956008     
  0.10080000000000000        74.481326597410018     
  0.10160000000000001        74.298492515317022     
  0.10240000000000000        74.116204694697799     
  0.10320000000000000        73.934531732637666     
  0.10400000000000001        73.753539321345940     
  0.10480000000000000        73.573290333031466     
  0.10560000000000000        73.393844902645142     
  0.10640000000000001        73.215260508538535     
  0.10720000000000000        73.037592051086918     
  0.10800000000000000        72.860891929324168     
  0.10880000000000001        72.685210115635428     
  0.10960000000000000        72.510594228553018     
  0.11040000000000001        72.337089603699354     
  0.11120000000000001        72.164739362920798     
  0.11200000000000000        71.993584481653784     
  0.11280000000000001        71.823663854565297     
  0.11360000000000001        71.655014359507760     
  0.11440000000000000        71.487670919827835     
  0.11520000000000001        71.321666565067886     
  0.11600000000000001        71.157032490097833     
  0.11680000000000000        70.993798112714387     
  0.11760000000000001        70.831991129743528     
  0.11840000000000001        70.671637571682055     
  0.11920000000000000        70.512761855912132     
  0.12000000000000001        70.355386838523145     
  0.12080000000000000        70.199533864773343     
  0.12160000000000000        70.045222818224076     
  0.12240000000000001        69.892472168577683     
  0.12320000000000000        69.741299018250274     
  0.12400000000000000        69.591719147709199     
  0.12480000000000001        69.443747059605087     
  0.12560000000000002        69.297396021726868     
  0.12640000000000001        69.152678108808175     
  0.12720000000000001        69.009604243212678     
  0.12800000000000000        68.868184234525074     
  0.12880000000000000        68.728426818074411     
  0.12959999999999999        68.590339692414986     
  0.13040000000000002        68.453929555790268     
  0.13120000000000001        68.319202141604478     
  0.13200000000000001        68.186162252925584     
  0.13280000000000000        68.054813796043334     
  0.13360000000000000        67.925159813105324     
  0.13440000000000002        67.797202513853264     
  0.13520000000000001        67.670943306481945     
  0.13600000000000001        67.546382827641310     
  0.13680000000000000        67.423520971603821     
  0.13760000000000000        67.302356918616354     
  0.13840000000000000        67.182889162457641     
  0.13920000000000002        67.065115537219910     
  0.14000000000000001        66.949033243334583     
  0.14080000000000001        66.834638872860168     
  0.14160000000000000        66.721928434050568     
  0.14240000000000000        66.610897375222066     
  0.14319999999999999        66.501540607935851     
  0.14400000000000002        66.393852529513396     
  0.14480000000000001        66.287827044901306     
  0.14560000000000001        66.183457587901486     
  0.14640000000000000        66.080737141783175     
  0.14720000000000000        65.979658259291455     
  0.14800000000000002        65.880213082068266     
  0.14880000000000002        65.782393359499949     
  0.14960000000000001        65.686190467006256     
  0.15040000000000001        65.591595423784582     
  0.15120000000000000        65.498598910023603     
  0.15200000000000000        65.407191283599261     
  0.15280000000000002        65.317362596266705     
  0.15360000000000001        65.229102609360694     
  0.15440000000000001        65.142400809017275     
  0.15520000000000000        65.057246420928777     
  0.15600000000000000        64.973628424643934     
  0.15679999999999999        64.891535567425507     
  0.15760000000000002        64.810956377675879     
  0.15840000000000001        64.731879177942375     
  0.15920000000000001        64.654292097513135     
  0.16000000000000000        64.578183084613784     
  0.16080000000000000        64.503539918215836     
  0.16160000000000002        64.430350219466405     
  0.16240000000000002        64.358601462749505     
  0.16320000000000001        64.288280986388415     
  0.16400000000000001        64.219376002998430     
  0.16480000000000000        64.151873609499631     
  0.16560000000000000        64.085760796798112     
  0.16640000000000002        64.021024459144627     
  0.16720000000000002        63.957651403179653     
  0.16800000000000001        63.895628356672354     
  0.16880000000000001        63.834941976962476     
  0.16960000000000000        63.775578859112514     
  0.17040000000000000        63.717525543778287     
  0.17120000000000002        63.660768524805349     
  0.17200000000000001        63.605294256558643     
  0.17280000000000001        63.551089160992625     
  0.17360000000000000        63.498139634469027     
  0.17440000000000000        63.446432054328859     
  0.17519999999999999        63.395952785225816     
  0.17600000000000002        63.346688185227045     
  0.17680000000000001        63.298624611688297     
  0.17760000000000001        63.251748426909117     
  0.17840000000000000        63.206046003574635     
  0.17920000000000000        63.161503729989569     
  0.18000000000000002        63.118108015110479     
  0.18080000000000002        63.075845293381626     
  0.18160000000000001        63.034702029380163     
  0.18240000000000001        62.994664722276184     
  0.18320000000000000        62.955719910112350     
  0.18400000000000000        62.917854173908736     
  0.18480000000000002        62.881054141597772     
  0.18560000000000001        62.845306491793792     
  0.18640000000000001        62.810597957402358     
  0.18720000000000001        62.776915329073852     
  0.18800000000000000        62.744245458505745     
  0.18880000000000000        62.712575261598069     
  0.18960000000000002        62.681891721466286     
  0.19040000000000001        62.652181891315827     
  0.19120000000000001        62.623432897182255     
  0.19200000000000000        62.595631940541224     
  0.19280000000000000        62.568766300791921     
  0.19360000000000002        62.542823337617712     
  0.19440000000000002        62.517790493228098     
  0.19520000000000001        62.493655294484896     
  0.19600000000000001        62.470405354916871     
  0.19680000000000000        62.448028376625594     
  0.19760000000000000        62.426512152086211     
  0.19840000000000002        62.405844565846365     
  0.19920000000000002        62.386013596126190     
  0.20000000000000001        62.367007316322628     
  0.20080000000000001        62.348813896421099     
  0.20160000000000000        62.331421604317278     
  0.20240000000000000        62.314818807051935     
  0.20320000000000002        62.298993971961551     
  0.20400000000000001        62.283935667747478     
  0.20480000000000001        62.269632565466161     
  0.20560000000000000        62.256073439443149     
  0.20640000000000000        62.243247168113122     
  0.20720000000000002        62.231142734788548     
  0.20800000000000002        62.219749228359461     
  0.20880000000000001        62.209055843926201     
  0.20960000000000001        62.199051883367872     
  0.21040000000000000        62.189726755848376     
  0.21120000000000000        62.181069978262293     
  0.21200000000000002        62.173071175622390     
  0.21280000000000002        62.165720081391363     
  0.21360000000000001        62.159006537759005     
  0.21440000000000001        62.152920495867363     
  0.21520000000000000        62.147452015985380     
  0.21600000000000000        62.142591267634721     
  0.21680000000000002        62.138328529669089     
  0.21760000000000002        62.134654190307934     
  0.21840000000000001        62.131558747127023     
  0.21920000000000001        62.129032807006752     
  0.22000000000000000        62.127067086040434     
  0.22080000000000002        62.125652409403479     
  0.22160000000000002        62.124779711185433     
  0.22240000000000001        62.124440034186080     
  0.22320000000000001        62.124624529676979     
  0.22400000000000000        62.125324457129864     
  0.22480000000000000        62.126531183913379     
  0.22560000000000002        62.128236184959050     
  0.22640000000000002        62.130431042398222     
  0.22720000000000001        62.133107445170751     
  0.22800000000000001        62.136257188606884     
  0.22880000000000000        62.139872173983392     
  0.22960000000000000        62.143944408055106     
  0.23040000000000002        62.148466002562849     
  0.23120000000000002        62.153429173718898     
  0.23200000000000001        62.158826241670994     
  0.23280000000000001        62.164649629945856     
  0.23360000000000000        62.170891864873070     
  0.23440000000000003        62.177545574990575     
  0.23520000000000002        62.184603490432238     
  0.23600000000000002        62.192058442298780     
  0.23680000000000001        62.199903362012684     
  0.23760000000000001        62.208131280657916     
  0.23840000000000000        62.216735328305361     
  0.23920000000000002        62.225708733324666     
  0.24000000000000002        62.235044821683367     
  0.24080000000000001        62.244737016233728     
  0.24160000000000001        62.254778835988461     
  0.24240000000000000        62.265163895385555     
  0.24320000000000000        62.275885903543177     
  0.24400000000000002        62.286938663505239     
  0.24480000000000002        62.298316071478006     
  0.24560000000000001        62.310012116058800     
  0.24640000000000001        62.322020877457000     
  0.24720000000000000        62.334336526708007     
  0.24800000000000000        62.346953324880850     
  0.24880000000000002        62.359865622279763     
  0.24960000000000002        62.373067857640415     
  0.25040000000000001        62.386554557321169     
  0.25120000000000003        62.400320334490004     
  0.25200000000000000        62.414359888307224     
  0.25280000000000002        62.428668003104860     
  0.25359999999999999        62.443239547562939     
  0.25440000000000002        62.458069473882979     
  0.25520000000000004        62.473152816959121     
  0.25600000000000001        62.488484693547704     
  0.25680000000000003        62.504060301434926     
  0.25760000000000000        62.519874918603648     
  0.25840000000000002        62.535923902399205     
  0.25919999999999999        62.552202688694791     
  0.26000000000000001        62.568706791056862     
  0.26080000000000003        62.585431799910403     
  0.26160000000000000        62.602373381704950     
  0.26240000000000002        62.619527278081215     
  0.26319999999999999        62.636889305038778     
  0.26400000000000001        62.654455352105117     
  0.26480000000000004        62.672221381506183     
  0.26560000000000000        62.690183427338809     
  0.26640000000000003        62.708337594745117     
  0.26719999999999999        62.726680059089283     
  0.26800000000000002        62.745207065136768     
  0.26880000000000004        62.763914926236261     
  0.26960000000000001        62.782800023504485     
  0.27040000000000003        62.801858805014305     
  0.27120000000000000        62.821087784985842     
  0.27200000000000002        62.840483542981289     
  0.27279999999999999        62.860042723103334     
  0.27360000000000001        62.879762033197281     
  0.27440000000000003        62.899638244057194     
  0.27520000000000000        62.919668188636201     
  0.27600000000000002        62.939848761261054     
  0.27679999999999999        62.960176916850884     
  0.27760000000000001        62.980649670140707     
  0.27840000000000004        63.001264094909502     
  0.27920000000000000        63.022017323212864     
  0.28000000000000003        63.042906544620855     
  0.28079999999999999        63.063929005460416     
  0.28160000000000002        63.085082008063196     
  0.28240000000000004        63.106362910018362     
  0.28320000000000001        63.127769123430625     
  0.28400000000000003        63.149298114183722     
  0.28480000000000000        63.170947401209133     
  0.28560000000000002        63.192714555760510     
  0.28639999999999999        63.214597200693376     
  0.28720000000000001        63.236593009750649     
  0.28800000000000003        63.258699706853747     
  0.28880000000000000        63.280915065399370     
  0.28960000000000002        63.303236907562265     
  0.29039999999999999        63.325663103603446     
  0.29120000000000001        63.348191571184735     
  0.29200000000000004        63.370820274688818     
  0.29280000000000000        63.393547224545451     
  0.29360000000000003        63.416370476563586     
  0.29440000000000000        63.439288131269585     
  0.29520000000000002        63.462298333251297     
  0.29600000000000004        63.485399270508339     
  0.29680000000000001        63.508589173808424     
  0.29760000000000003        63.531866316049701     
  0.29840000000000000        63.555229011629336     
  0.29920000000000002        63.578675615818085     
  0.29999999999999999        63.602204524141108     
  0.30080000000000001        63.625814171764816     
  0.30160000000000003        63.649503032889960     
  0.30240000000000000        63.673269620150748     
  0.30320000000000003        63.697112484020252     
  0.30399999999999999        63.721030212221763     
  0.30480000000000002        63.745021429146469     
  0.30560000000000004        63.769084795277195     
  0.30640000000000001        63.793219006618166     
  0.30720000000000003        63.817422794131033     
  0.30800000000000000        63.841694923176895     
  0.30880000000000002        63.866034192964470     
  0.30960000000000004        63.890439436004193     
  0.31040000000000001        63.914909517568631     
  0.31120000000000003        63.939443335158650     
  0.31200000000000000        63.964039817975802     
  0.31280000000000002        63.988697926400462     
  0.31359999999999999        64.013416651476263     
  0.31440000000000001        64.038195014400202     
  0.31520000000000004        64.063032066018735     
  0.31600000000000000        64.087926886329868     
  0.31680000000000003        64.112878583990920     
  0.31759999999999999        64.137886295832303     
  0.31840000000000002        64.162949186377006     
  0.31920000000000004        64.188066447365856     
  0.32000000000000001        64.213237297288558     
  0.32080000000000003        64.238460980920451     
  0.32160000000000000        64.263736768864817     
  0.32240000000000002        64.289063957101035     
  0.32320000000000004        64.314441866538175     
  0.32400000000000001        64.339869842574217     
  0.32480000000000003        64.365347254660790     
  0.32560000000000000        64.390873495873507     
  0.32640000000000002        64.416447982487526     
  0.32719999999999999        64.442070153558760     
  0.32800000000000001        64.467739470510395     
  0.32880000000000004        64.493455416724700     
  0.32960000000000000        64.519217497140190     
  0.33040000000000003        64.545025237854006     
  0.33119999999999999        64.570878185729555     
  0.33200000000000002        64.596775908009334     
  0.33280000000000004        64.622717991932845     
  0.33360000000000001        64.648704044359619     
  0.33440000000000003        64.674733691397407     
  0.33520000000000000        64.700806578035113     
  0.33600000000000002        64.726922367781000     
  0.33680000000000004        64.753080742305599     
  0.33760000000000001        64.779281401089619     
  0.33840000000000003        64.805524061076696     
  0.33920000000000000        64.831808456330833     
  0.34000000000000002        64.858134337698644     
  0.34079999999999999        64.884501472476444     
  0.34160000000000001        64.910909644081698     
  0.34240000000000004        64.937358651729468     
  0.34320000000000001        64.963848310113079     
  0.34400000000000003        64.990378449089491     
  0.34480000000000000        65.016948913369276     
  0.34560000000000002        65.043559562210746     
  0.34640000000000004        65.070210269118746     
  0.34720000000000001        65.096900921547601     
  0.34800000000000003        65.123631420608575     
  0.34880000000000000        65.150401680781414     
  0.34960000000000002        65.177211629630222     
  0.35039999999999999        65.204061207523509     
  0.35120000000000001        65.230950367358233     
  0.35200000000000004        65.257879074288212     
  0.35280000000000000        65.284847305456339     
  0.35360000000000003        65.311855049730823     
  0.35439999999999999        65.338902307445622     
  0.35520000000000002        65.365989090144453     
  0.35600000000000004        65.393115420328996     
  0.35680000000000001        65.420281331210631     
  0.35760000000000003        65.447486866466349     
  0.35840000000000000        65.474732079997892     
  0.35920000000000002        65.502017035695147     
  0.36000000000000004        65.529341807202798     
  0.36080000000000001        65.556706477690796     
  0.36160000000000003        65.584111139628362     
  0.36240000000000000        65.611555894561477     
  0.36320000000000002        65.639040852894013     
  0.36399999999999999        65.666566133672148     
  0.36480000000000001        65.694131864372224     
  0.36560000000000004        65.721738180692228     
  0.36640000000000000        65.749385226346121     
  0.36720000000000003        65.777073152862002     
  0.36799999999999999        65.804802119383112     
  0.36880000000000002        65.832572292472321     
  0.36960000000000004        65.860383845919557     
  0.37040000000000001        65.888236960552632     
  0.37120000000000003        65.916131824050964     
  0.37200000000000000        65.944068630762317     
  0.37280000000000002        65.972047581522972     
  0.37360000000000004        66.000068883480196     
  0.37440000000000001        66.028132749918370     
  0.37520000000000003        66.056239400087463     
  0.37600000000000000        66.084389059034777     
  0.37680000000000002        66.112581957439218     
  0.37759999999999999        66.140818331448656     
  0.37840000000000001        66.169098422519781     
  0.37920000000000004        66.197422477260801     
  0.38000000000000000        66.225790747277003     
  0.38080000000000003        66.254203489018550     
  0.38159999999999999        66.282660963631301     
  0.38240000000000002        66.311163436810133     
  0.38320000000000004        66.339711178654539     
  0.38400000000000001        66.368304463527124     
  0.38480000000000003        66.396943569914370     
  0.38560000000000000        66.425628780289884     
  0.38640000000000002        66.454360380980063     
  0.38720000000000004        66.483138662032189     
  0.38800000000000001        66.511963917084870     
  0.38880000000000003        66.540836443240693     
  0.38960000000000000        66.569756540941341     
  0.39040000000000002        66.598724513844772     
  0.39119999999999999        66.627740668704902     
  0.39200000000000002        66.656805315253123     
  0.39280000000000004        66.685918766082324     
  0.39360000000000001        66.715081336532734     
  0.39440000000000003        66.744293344580271     
  0.39520000000000000        66.773555110726463     
  0.39600000000000002        66.802866957890885     
  0.39680000000000004        66.832229211305261     
  0.39760000000000001        66.861642198409854     
  0.39840000000000003        66.891106248751498     
  0.39920000000000000        66.920621693883859     
  0.40000000000000002        66.950188867269389     
