   0.00000000       0.00000000    
   8.0000000000000004E-004   3.3255458431271565     
   1.6000000000000001E-003   6.5257664912859257     
   2.4000000000000002E-003   9.6044953758388960     
   3.2000000000000002E-003   12.565461402405939     
   4.0000000000000001E-003   15.412291489852718     
   4.8000000000000004E-003   18.148513111378072     
   5.5999999999999999E-003   20.777556799195896     
   6.4000000000000003E-003   23.302758601523937     
   7.2000000000000007E-003   25.727362487617274     
   8.0000000000000002E-003   28.054522699249219     
   8.8000000000000005E-003   30.287306048259385     
   9.6000000000000009E-003   32.428694160412384     
   1.0400000000000001E-002   34.481585666153308     
   1.1200000000000000E-002   36.448798339045091     
   1.2000000000000000E-002   38.333071182789205     
   1.2800000000000001E-002   40.137066467800892     
   1.3600000000000001E-002   41.863371718349335     
   1.4400000000000001E-002   43.514501651293727     
   1.5200000000000000E-002   45.092900067454686     
   1.6000000000000000E-002   46.600941696659255     
   1.6800000000000002E-002   48.040933997492644     
   1.7600000000000001E-002   49.415118912778475     
   1.8400000000000000E-002   50.725674581797286     
   1.9200000000000002E-002   51.974717010237050     
   2.0000000000000000E-002   53.164301698854288     
   2.0800000000000003E-002   54.296425231805763     
   2.1600000000000001E-002   55.373026825593520     
   2.2400000000000000E-002   56.395989839547809     
   2.3200000000000002E-002   57.367143248753258     
   2.4000000000000000E-002   58.288263080305569     
   2.4800000000000003E-002   59.161073813766983     
   2.5600000000000001E-002   59.987249746670940     
   2.6400000000000000E-002   60.768416325906713     
   2.7200000000000002E-002   61.506151445797933     
   2.8000000000000001E-002   62.201986713670401     
   2.8800000000000003E-002   62.857408683686508     
   2.9600000000000001E-002   63.473860059706922     
   3.0400000000000000E-002   64.052740867922566     
   3.1200000000000002E-002   64.595409599983142     
   3.2000000000000001E-002   65.103184327332144     
   3.2800000000000003E-002   65.577343787441848     
   3.3600000000000005E-002   66.019128442625913     
   3.4400000000000000E-002   66.429741512091809     
   3.5200000000000002E-002   66.810349977879937     
   3.6000000000000004E-002   67.162085565321121     
   3.6799999999999999E-002   67.486045698629923     
   3.7600000000000001E-002   67.783294432236460     
   3.8400000000000004E-002   68.054863358445857     
   3.9199999999999999E-002   68.301752492000247     
   4.0000000000000001E-002   68.524931132105209     
   4.0800000000000003E-002   68.725338702469017     
   4.1600000000000005E-002   68.903885569890619     
   4.2400000000000000E-002   69.061453841919445     
   4.3200000000000002E-002   69.198898144097910     
   4.4000000000000004E-002   69.317046377285351     
   4.4800000000000000E-002   69.416700455550753     
   4.5600000000000002E-002   69.498637025109772     
   4.6400000000000004E-002   69.563608164770443     
   4.7199999999999999E-002   69.612342068340993     
   4.8000000000000001E-002   69.645543709442634     
   4.8800000000000003E-002   69.663895489159529     
   4.9600000000000005E-002   69.668057866947606     
   5.0400000000000000E-002   69.658669975214991     
   5.1200000000000002E-002   69.636350217975263     
   5.2000000000000005E-002   69.601696853967084     
   5.2800000000000000E-002   69.555288564623282     
   5.3600000000000002E-002   69.497685007262973     
   5.4400000000000004E-002   69.429427353873237     
   5.5200000000000006E-002   69.351038815835793     
   5.6000000000000001E-002   69.263025154947385     
   5.6800000000000003E-002   69.165875181073645     
   5.7600000000000005E-002   69.060061236767680     
   5.8400000000000001E-002   68.946039669177651     
   5.9200000000000003E-002   68.824251289559086     
   6.0000000000000005E-002   68.695121820700123     
   6.0800000000000000E-002   68.559062332561268     
   6.1600000000000002E-002   68.416469666422913     
   6.2400000000000004E-002   68.267726847827689     
   6.3200000000000006E-002   68.113203488597662     
   6.4000000000000001E-002   67.953256178198927     
   6.4799999999999996E-002   67.788228864721049     
   6.5600000000000006E-002   67.618453225730676     
   6.6400000000000001E-002   67.444249029253882     
   6.7200000000000010E-002   67.265924485134377     
   6.8000000000000005E-002   67.083776587010135     
   6.8800000000000000E-002   66.898091445143706     
   6.9600000000000009E-002   66.709144610336836     
   7.0400000000000004E-002   66.517201389154152     
   7.1199999999999999E-002   66.322517150674784     
   7.2000000000000008E-002   66.125337624986344     
   7.2800000000000004E-002   65.925899193629675     
   7.3599999999999999E-002   65.724429172198242     
   7.4400000000000008E-002   65.521146085290866     
   7.5200000000000003E-002   65.316259934011782     
   7.5999999999999998E-002   65.109972456207061     
   7.6800000000000007E-002   64.902477379622326     
   7.7600000000000002E-002   64.693960668161594     
   7.8399999999999997E-002   64.484600761423053     
   7.9200000000000007E-002   64.274568807683394     
   8.0000000000000002E-002   64.064028890497568     
   8.0800000000000011E-002   63.853138249077730     
   8.1600000000000006E-002   63.642047492609869     
   8.2400000000000001E-002   63.430900808664113     
   8.3200000000000010E-002   63.219836165849607     
   8.4000000000000005E-002   63.008985510862196     
   8.4800000000000000E-002   62.798474960068837     
   8.5600000000000009E-002   62.588424985769386     
   8.6400000000000005E-002   62.378950597273104     
   8.7200000000000000E-002   62.170161516923422     
   8.8000000000000009E-002   61.962162351201599     
   8.8800000000000004E-002   61.755052757036772     
   8.9599999999999999E-002   61.548927603446181     
   9.0400000000000008E-002   61.343877128626922     
   9.1200000000000003E-002   61.139987092617297     
   9.1999999999999998E-002   60.937338925642898     
   9.2800000000000007E-002   60.736009872259878     
   9.3600000000000003E-002   60.536073131404841     
   9.4399999999999998E-002   60.337597992458321     
   9.5200000000000007E-002   60.140649967425958     
   9.6000000000000002E-002   59.945290919339136     
   9.6800000000000011E-002   59.751579186973963     
   9.7600000000000006E-002   59.559569705985531     
   9.8400000000000001E-002   59.369314126551274     
   9.9200000000000010E-002   59.180860927615797     
  0.10000000000000001        58.994255527826319     
  0.10080000000000000        58.809540393246444     
  0.10160000000000001        58.626755141933202     
  0.10240000000000000        58.445936645460492     
  0.10320000000000000        58.267119127470004     
  0.10400000000000001        58.090334259328344     
  0.10480000000000000        57.915611252967622     
  0.10560000000000000        57.742976950984144     
  0.10640000000000001        57.572455914068861     
  0.10720000000000000        57.404070505840465     
  0.10800000000000000        57.237840975150732     
  0.10880000000000001        57.073785535930291     
  0.10960000000000000        56.911920444640117     
  0.11040000000000001        56.752260075393920     
  0.11120000000000001        56.594816992813726     
  0.11200000000000000        56.439602022679892     
  0.11280000000000001        56.286624320435415     
  0.11360000000000001        56.135891437602304     
  0.11440000000000000        55.987409386167030     
  0.11520000000000001        55.841182700990011     
  0.11600000000000001        55.697214500292887     
  0.11680000000000000        55.555506544276390     
  0.11760000000000001        55.416059291919460     
  0.11840000000000001        55.278871956009610     
  0.11920000000000000        55.143942556453155     
  0.12000000000000001        55.011267971912474     
  0.12080000000000000        54.880843989816277     
  0.12160000000000000        54.752665354787922     
  0.12240000000000001        54.626725815535636     
  0.12320000000000000        54.503018170246875     
  0.12400000000000000        54.381534310528679     
  0.12480000000000001        54.262265263934452     
  0.12560000000000002        54.145201235116318     
  0.12640000000000001        54.030331645641716     
  0.12720000000000001        53.917645172511548     
  0.12800000000000000        53.807129785416251     
  0.12880000000000000        53.698772782765374     
  0.12959999999999999        53.592560826525158     
  0.13040000000000002        53.488479975897825     
  0.13120000000000001        53.386515719875334     
  0.13200000000000001        53.286653008699609     
  0.13280000000000000        53.188876284260310     
  0.13360000000000000        53.093169509460438     
  0.13440000000000002        52.999516196579123     
  0.13520000000000001        52.907899434660848     
  0.13600000000000001        52.818301915958280     
  0.13680000000000000        52.730705961456763     
  0.13760000000000000        52.645093545506356     
  0.13840000000000000        52.561446319587645     
  0.13920000000000002        52.479745635236384     
  0.14000000000000001        52.399972566151277     
  0.14080000000000001        52.322107929508945     
  0.14160000000000000        52.246132306509239     
  0.14240000000000000        52.172026062173380     
  0.14319999999999999        52.099769364416957     
  0.14400000000000002        52.029342202419393     
  0.14480000000000001        51.960724404310348     
  0.14560000000000001        51.893895654193557     
  0.14640000000000000        51.828835508527895     
  0.14720000000000000        51.765523411884686     
  0.14800000000000002        51.703938712100104     
  0.14880000000000002        51.644060674840759     
  0.14960000000000001        51.585868497600188     
  0.15040000000000001        51.529341323143541     
  0.15120000000000000        51.474458252417136     
  0.15200000000000000        51.421198356939200     
  0.15280000000000002        51.369540690687728     
  0.15360000000000001        51.319464301500737     
  0.15440000000000001        51.270948242004152     
  0.15520000000000000        51.223971580081745     
  0.15600000000000000        51.178513408901317     
  0.15679999999999999        51.134552856511164     
  0.15760000000000002        51.092069095019959     
  0.15840000000000001        51.051041349373371     
  0.15920000000000001        51.011448905740018     
  0.16000000000000000        50.973271119519033     
  0.16080000000000000        50.936487422981493     
  0.16160000000000002        50.901077332557101     
  0.16240000000000002        50.867020455777791     
  0.16320000000000001        50.834296497889035     
  0.16400000000000001        50.802885268139711     
  0.16480000000000000        50.772766685761013     
  0.16560000000000000        50.743920785644477     
  0.16640000000000002        50.716327723728966     
  0.16720000000000002        50.689967782106258     
  0.16800000000000001        50.664821373854600     
  0.16880000000000001        50.640869047609101     
  0.16960000000000000        50.618091491877934     
  0.17040000000000000        50.596469539112817     
  0.17120000000000002        50.575984169542153     
  0.17200000000000001        50.556616514774760     
  0.17280000000000001        50.538347861182118     
  0.17360000000000000        50.521159653066768     
  0.17440000000000000        50.505033495624254     
  0.17519999999999999        50.489951157705669     
  0.17600000000000002        50.475894574387944     
  0.17680000000000001        50.462845849358622     
  0.17760000000000001        50.450787257121519     
  0.17840000000000000        50.439701245030008     
  0.17920000000000000        50.429570435153636     
  0.18000000000000002        50.420377625984671     
  0.18080000000000002        50.412105793989937     
  0.18160000000000001        50.404738095013784     
  0.18240000000000001        50.398257865537886     
  0.18320000000000000        50.392648623802771     
  0.18400000000000000        50.387894070796726     
  0.18480000000000002        50.383978091116916     
  0.18560000000000001        50.380884753707377     
  0.18640000000000001        50.378598312478999     
  0.18720000000000001        50.377103206815939     
  0.18800000000000000        50.376384061972772     
  0.18880000000000000        50.376425689366791     
  0.18960000000000002        50.377213086769885     
  0.19040000000000001        50.378731438403648     
  0.19120000000000001        50.380966114941828     
  0.19200000000000000        50.383902673424139     
  0.19280000000000000        50.387526857084723     
  0.19360000000000002        50.391824595099202     
  0.19440000000000002        50.396782002253666     
  0.19520000000000001        50.402385378538767     
  0.19600000000000001        50.408621208672749     
  0.19680000000000000        50.415476161555688     
  0.19760000000000000        50.422937089658866     
  0.19840000000000002        50.430991028351826     
  0.19920000000000002        50.439625195169839     
  0.20000000000000001        50.448826989024923     
  0.20080000000000001        50.458583989362900     
  0.20160000000000000        50.468883955268993     
  0.20240000000000000        50.479714824524784     
  0.20320000000000002        50.491064712618630     
  0.20400000000000001        50.502921911712143     
  0.20480000000000001        50.515274889564822     
  0.20560000000000000        50.528112288419337     
  0.20640000000000000        50.541422923849169     
  0.20720000000000002        50.555195783570973     
  0.20800000000000002        50.569420026223760     
  0.20880000000000001        50.584084980116259     
  0.20960000000000001        50.599180141945119     
  0.21040000000000000        50.614695175485060     
  0.21120000000000000        50.630619910253102     
  0.21200000000000002        50.646944340148295     
  0.21280000000000002        50.663658622068922     
  0.21360000000000001        50.680753074508239     
  0.21440000000000001        50.698218176130801     
  0.21520000000000000        50.716044564330375     
  0.21600000000000000        50.734223033771059     
  0.21680000000000002        50.752744534913056     
  0.21760000000000002        50.771600172524074     
  0.21840000000000001        50.790781204178053     
  0.21920000000000001        50.810279038741967     
  0.22000000000000000        50.830085234852227     
  0.22080000000000002        50.850191499381701     
  0.22160000000000002        50.870589685898260     
  0.22240000000000001        50.891271793116275     
  0.22320000000000001        50.912229963341559     
  0.22400000000000000        50.933456480911197     
  0.22480000000000000        50.954943770628937     
  0.22560000000000002        50.976684396197022     
  0.22640000000000002        50.998671058645456     
  0.22720000000000001        51.020896594759371     
  0.22800000000000001        51.043353975505468     
  0.22880000000000000        51.066036304458073     
  0.22960000000000000        51.088936816225704     
  0.23040000000000002        51.112048874878830     
  0.23120000000000002        51.135365972379340     
  0.23200000000000001        51.158881727012528     
  0.23280000000000001        51.182589881822238     
  0.23360000000000000        51.206484303049457     
  0.23440000000000003        51.230558978575338     
  0.23520000000000002        51.254808016368877     
  0.23600000000000002        51.279225642939757     
  0.23680000000000001        51.303806201797265     
  0.23760000000000001        51.328544151915025     
  0.23840000000000000        51.353434066202681     
  0.23920000000000002        51.378470629984541     
  0.24000000000000002        51.403648639485816     
  0.24080000000000001        51.428963000326583     
  0.24160000000000001        51.454408726024148     
  0.24240000000000000        51.479980936503850     
  0.24320000000000000        51.505674856618931     
  0.24400000000000002        51.531485814679471     
  0.24480000000000002        51.557409240990907     
  0.24560000000000001        51.583440666402424     
  0.24640000000000001        51.609575720865280     
  0.24720000000000000        51.635810132001488     
  0.24800000000000000        51.662139723683033     
  0.24880000000000002        51.688560414621897     
  0.24960000000000002        51.715068216970820     
  0.25040000000000001        51.741659234935618     
  0.25120000000000003        51.768329663398390     
  0.25200000000000000        51.795075786552474     
  0.25280000000000002        51.821893976549021     
  0.25359999999999999        51.848780692155295     
  0.25440000000000002        51.875732477424997     
  0.25520000000000004        51.902745960380493     
  0.25600000000000001        51.929817851707284     
  0.25680000000000003        51.956944943460798     
  0.25760000000000000        51.984124107785405     
  0.25840000000000002        52.011352295645921     
  0.25919999999999999        52.038626535571609     
  0.26000000000000001        52.065943932412793     
  0.26080000000000003        52.093301666110015     
  0.26160000000000000        52.120696990475949     
  0.26240000000000002        52.148127231990053     
  0.26319999999999999        52.175589788605706     
  0.26400000000000001        52.203082128570671     
  0.26480000000000004        52.230601789259730     
  0.26560000000000000        52.258146376020605     
  0.26640000000000003        52.285713561032459     
  0.26719999999999999        52.313301082177290     
  0.26800000000000002        52.340906741924144     
  0.26880000000000004        52.368528406226176     
  0.26960000000000001        52.396164003430400     
  0.27040000000000003        52.423811523200314     
  0.27120000000000000        52.451469015451266     
  0.27200000000000002        52.479134589298461     
  0.27279999999999999        52.506806412017788     
  0.27360000000000001        52.534482708019155     
  0.27440000000000003        52.562161757832534     
  0.27520000000000000        52.589841897106496     
  0.27600000000000002        52.617521515619416     
  0.27679999999999999        52.645199056302850     
  0.27760000000000001        52.672873014277599     
  0.27840000000000004        52.700541935902024     
  0.27920000000000000        52.728204417832472     
  0.28000000000000003        52.755859106096260     
  0.28079999999999999        52.783504695176525     
  0.28160000000000002        52.811139927109174     
  0.28240000000000004        52.838763590592052     
  0.28320000000000001        52.866374520105786     
  0.28400000000000003        52.893971595046622     
  0.28480000000000000        52.921553738870990     
  0.28560000000000002        52.949119918251803     
  0.28639999999999999        52.976669142246230     
  0.28720000000000001        53.004200461475214     
  0.28800000000000003        53.031712967314164     
  0.28880000000000000        53.059205791095174     
  0.28960000000000002        53.086678103320523     
  0.29039999999999999        53.114129112887085     
  0.29120000000000001        53.141558066322119     
  0.29200000000000004        53.168964247029855     
  0.29280000000000000        53.196346974549016     
  0.29360000000000003        53.223705603821060     
  0.29440000000000000        53.251039524469242     
  0.29520000000000002        53.278348160088157     
  0.29600000000000004        53.305630967543856     
  0.29680000000000001        53.332887436284253     
  0.29760000000000003        53.360117087659923     
  0.29840000000000000        53.387319474255058     
  0.29920000000000002        53.414494179228555     
  0.29999999999999999        53.441640815665053     
  0.30080000000000001        53.468759025935846     
  0.30160000000000003        53.495848481069665     
  0.30240000000000000        53.522908880133095     
  0.30320000000000003        53.549939949620622     
  0.30399999999999999        53.576941442854050     
  0.30480000000000002        53.603913139391516     
  0.30560000000000004        53.630854844445565     
  0.30640000000000001        53.657766388310563     
  0.30720000000000003        53.684647625799094     
  0.30800000000000000        53.711498435687403     
  0.30880000000000002        53.738318720169659     
  0.30960000000000004        53.765108404320991     
  0.31040000000000001        53.791867435569266     
  0.31120000000000003        53.818595783175375     
  0.31200000000000000        53.845293437721999     
  0.31280000000000002        53.871960410610704     
  0.31359999999999999        53.898596733567480     
  0.31440000000000001        53.925202458156150     
  0.31520000000000004        53.951777655300148     
  0.31600000000000000        53.978322414812105     
  0.31680000000000003        54.004836844931333     
  0.31759999999999999        54.031321071869066     
  0.31840000000000002        54.057775239361469     
  0.31920000000000004        54.084199508230121     
  0.32000000000000001        54.110594055950031     
  0.32080000000000003        54.136959076225033     
  0.32160000000000000        54.163294778570517     
  0.32240000000000002        54.189601387903217     
  0.32320000000000004        54.215879144138299     
  0.32400000000000001        54.242128301793329     
  0.32480000000000003        54.268349129599201     
  0.32560000000000000        54.294541910117857     
  0.32640000000000002        54.320706939366779     
  0.32719999999999999        54.346844526450113     
  0.32800000000000001        54.372954993196352     
  0.32880000000000004        54.399038673802416     
  0.32960000000000000        54.425095914484281     
  0.33040000000000003        54.451127073133677     
  0.33119999999999999        54.477132518981101     
  0.33200000000000002        54.503112632264973     
  0.33280000000000004        54.529067803906734     
  0.33360000000000001        54.554998435191955     
  0.33440000000000003        54.580904937457284     
  0.33520000000000000        54.606787731783157     
  0.33600000000000002        54.632647248692194     
  0.33680000000000004        54.658483927853226     
  0.33760000000000001        54.684298217790847     
  0.33840000000000003        54.710090575600454     
  0.33920000000000000        54.735861466668560     
  0.34000000000000002        54.761611364398455     
  0.34079999999999999        54.787340749941180     
  0.34160000000000001        54.813050111931396     
  0.34240000000000004        54.838739946228593     
  0.34320000000000001        54.864410755663030     
  0.34400000000000003        54.890063049786804     
  0.34480000000000000        54.915697344629585     
  0.34560000000000002        54.941314162459207     
  0.34640000000000004        54.966914031546956     
  0.34720000000000001        54.992497485937385     
  0.34800000000000003        55.018065065222792     
  0.34880000000000000        55.043617314322120     
  0.34960000000000002        55.069154783264274     
  0.35039999999999999        55.094678026975743     
  0.35120000000000001        55.120187605072559     
  0.35200000000000004        55.145684081656434     
  0.35280000000000000        55.171168025115058     
  0.35360000000000003        55.196640007926398     
  0.35439999999999999        55.222100606467151     
  0.35520000000000002        55.247550400824977     
  0.35600000000000004        55.272989974614745     
  0.35680000000000001        55.298419914798544     
  0.35760000000000003        55.323840811509505     
  0.35840000000000000        55.349253257879219     
  0.35920000000000002        55.374657849868910     
  0.36000000000000004        55.400055186104176     
  0.36080000000000001        55.425445867713165     
  0.36160000000000003        55.450830498168315     
  0.36240000000000000        55.476209683131444     
  0.36320000000000002        55.501584030302240     
  0.36399999999999999        55.526954149270061     
  0.36480000000000001        55.552320651368852     
  0.36560000000000004        55.577684149535422     
  0.36640000000000000        55.603045258170710     
  0.36720000000000003        55.628404593004326     
  0.36799999999999999        55.653762770961862     
  0.36880000000000002        55.679120410035438     
  0.36960000000000004        55.704478129156982     
  0.37040000000000001        55.729836548074537     
  0.37120000000000003        55.755196287231371     
  0.37200000000000000        55.780557967647667     
  0.37280000000000002        55.805922210805363     
  0.37360000000000004        55.831289638535274     
  0.37440000000000001        55.856660872907035     
  0.37520000000000003        55.882036536121717     
  0.37600000000000000        55.907417250406795     
  0.37680000000000002        55.932803637913850     
  0.37759999999999999        55.958196320618484     
  0.37840000000000001        55.983595920222925     
  0.37920000000000004        56.009003058060756     
  0.38000000000000000        56.034418355004185     
  0.38080000000000003        56.059842431373468     
  0.38159999999999999        56.085275906848636     
  0.38240000000000002        56.110719400383509     
  0.38320000000000004        56.136173530121695     
  0.38400000000000001        56.161638913314945     
  0.38480000000000003        56.187116166243420     
  0.38560000000000000        56.212605904138165     
  0.38640000000000002        56.238108741105478     
  0.38720000000000004        56.263625290053319     
  0.38800000000000001        56.289156162619726     
  0.38880000000000003        56.314701969102984     
  0.38960000000000000        56.340263318393852     
  0.39040000000000002        56.365840817909508     
  0.39119999999999999        56.391435073529372     
  0.39200000000000002        56.417046689532619     
  0.39280000000000004        56.442676268537561     
  0.39360000000000001        56.468324411442580     
  0.39440000000000003        56.493991717368907     
  0.39520000000000000        56.519678783604874     
  0.39600000000000002        56.545386205551985     
  0.39680000000000004        56.571114576672294     
  0.39760000000000001        56.596864488437618     
  0.39840000000000003        56.622636530280126     
  0.39920000000000000        56.648431289544405     
  0.40000000000000002        56.674249351441077     
