   0.00000000       0.00000000    
   5.9999999999999995E-004   1.8423076909621110     
   1.1999999999999999E-003   3.6460844924138347     
   1.8000000000000000E-003   5.4119976613620331     
   2.3999999999999998E-003   7.1407041316758457     
   2.9999999999999996E-003   8.8328506629667416     
   3.5999999999999999E-003   10.489073987418111     
   4.1999999999999997E-003   12.110000954591696     
   4.7999999999999996E-003   13.696248674237930     
   5.3999999999999994E-003   15.248424657136706     
   5.9999999999999993E-003   16.767126953995032     
   6.5999999999999991E-003   18.252944292427333     
   7.1999999999999998E-003   19.706456212044191     
   7.7999999999999996E-003   21.128233197674700     
   8.3999999999999995E-003   22.518836810747445     
   8.9999999999999993E-003   23.878819818854641     
   9.5999999999999992E-003   25.208726323523923     
   1.0199999999999999E-002   26.509091886221537     
   1.0799999999999999E-002   27.780443652610803     
   1.1399999999999999E-002   29.023300475089133     
   1.1999999999999999E-002   30.238173033626659     
   1.2599999999999998E-002   31.425563954929274     
   1.3199999999999998E-002   32.585967929948502     
   1.3799999999999998E-002   33.719871829760343     
   1.4400000000000000E-002   34.827754819835185     
   1.4999999999999999E-002   35.910088472719920     
   1.5599999999999999E-002   36.967336879154217     
   1.6199999999999999E-002   37.999956757641243     
   1.6799999999999999E-002   39.008397562494345     
   1.7399999999999999E-002   39.993101590379439     
   1.7999999999999999E-002   40.954504085374019     
   1.8599999999999998E-002   41.893033342562113     
   1.9199999999999998E-002   42.809110810185388     
   1.9799999999999998E-002   43.703151190369425     
   2.0399999999999998E-002   44.575562538444679     
   2.0999999999999998E-002   45.426746360880756     
   2.1599999999999998E-002   46.257097711852957     
   2.2199999999999998E-002   47.067005288459164     
   2.2799999999999997E-002   47.856851524605759     
   2.3399999999999997E-002   48.627012683579963     
   2.3999999999999997E-002   49.377858949326750     
   2.4599999999999997E-002   50.109754516447616     
   2.5199999999999997E-002   50.823057678938454     
   2.5799999999999997E-002   51.518120917683561     
   2.6399999999999996E-002   52.195290986722725     
   2.6999999999999996E-002   52.854908998307764     
   2.7599999999999996E-002   53.497310506764933     
   2.8199999999999996E-002   54.122825591179499     
   2.8799999999999999E-002   54.731778936918197     
   2.9399999999999999E-002   55.324489916005376     
   2.9999999999999999E-002   55.901272666368492     
   3.0599999999999999E-002   56.462436169967965     
   3.1199999999999999E-002   57.008284329826822     
   3.1799999999999995E-002   57.539116045974758     
   3.2399999999999998E-002   58.055225290321637     
   3.2999999999999995E-002   58.556901180474526     
   3.3599999999999998E-002   59.044428052513076     
   3.4199999999999994E-002   59.518085532737082     
   3.4799999999999998E-002   59.978148608400140     
   3.5399999999999994E-002   60.424887697443467     
   3.5999999999999997E-002   60.858568717243045     
   3.6599999999999994E-002   61.279453152384022     
   3.7199999999999997E-002   61.687798121475005     
   3.7799999999999993E-002   62.083856443015762     
   3.8399999999999997E-002   62.467876700331175     
   3.9000000000000000E-002   62.840103305583668     
   3.9599999999999996E-002   63.200776562877429     
   4.0200000000000000E-002   63.550132730466174     
   4.0799999999999996E-002   63.888404082076867     
   4.1399999999999999E-002   64.215818967361599     
   4.1999999999999996E-002   64.532601871489277     
   4.2599999999999999E-002   64.838973473889084     
   4.3199999999999995E-002   65.135150706156978     
   4.3799999999999999E-002   65.421346809137148     
   4.4399999999999995E-002   65.697771389189057     
   4.4999999999999998E-002   65.964630473651894     
   4.5599999999999995E-002   66.222126565516746     
   4.6199999999999998E-002   66.470458697317838     
   4.6799999999999994E-002   66.709822484253380     
   4.7399999999999998E-002   66.940410176546180     
   4.7999999999999994E-002   67.162410711055273     
   4.8599999999999997E-002   67.376009762147845     
   4.9199999999999994E-002   67.581389791842327     
   4.9799999999999997E-002   67.778730099232334     
   5.0399999999999993E-002   67.968206869201381     
   5.0999999999999997E-002   68.149993220438049     
   5.1599999999999993E-002   68.324259252761280     
   5.2199999999999996E-002   68.491172093765300     
   5.2799999999999993E-002   68.650895944793277     
   5.3399999999999996E-002   68.803592126249484     
   5.3999999999999992E-002   68.949419122258192     
   5.4599999999999996E-002   69.088532624679445     
   5.5199999999999992E-002   69.221085576489173     
   5.5799999999999995E-002   69.347228214533786     
   5.6399999999999992E-002   69.467108111666903     
   5.6999999999999995E-002   69.580870218277099     
   5.7599999999999998E-002   69.688656903215005     
   5.8199999999999995E-002   69.790607994128052     
   5.8799999999999998E-002   69.886860817211129     
   5.9399999999999994E-002   69.977550236380992     
   5.9999999999999998E-002   70.062808691882537     
   6.0599999999999994E-002   70.142766238335014     
   6.1199999999999997E-002   70.217550582225201     
   6.1799999999999994E-002   70.287287118856071     
   6.2399999999999997E-002   70.352098968758000     
   6.3000000000000000E-002   70.412107013569837     
   6.3599999999999990E-002   70.467429931397632     
   6.4199999999999993E-002   70.518184231657827     
   6.4799999999999996E-002   70.564484289412306     
   6.5400000000000000E-002   70.606442379202264     
   6.5999999999999989E-002   70.644168708387880     
   6.6599999999999993E-002   70.677771450000535     
   6.7199999999999996E-002   70.707356775114732     
   6.7799999999999999E-002   70.733028884745650     
   6.8399999999999989E-002   70.754890041279822     
   6.8999999999999992E-002   70.773040599444741     
   6.9599999999999995E-002   70.787579036824170     
   7.0199999999999999E-002   70.798601983925266     
   7.0799999999999988E-002   70.806204253803969     
   7.1399999999999991E-002   70.810478871254730     
   7.1999999999999995E-002   70.811517101570374     
   7.2599999999999998E-002   70.809408478878865     
   7.3199999999999987E-002   70.804240834061673     
   7.3799999999999991E-002   70.796100322260997     
   7.4399999999999994E-002   70.785071449980194     
   7.4999999999999997E-002   70.771237101784394     
   7.5599999999999987E-002   70.754678566605790     
   7.6199999999999990E-002   70.735475563659762     
   7.6799999999999993E-002   70.713706267977301     
   7.7399999999999997E-002   70.689447335558796     
   7.8000000000000000E-002   70.662773928154508     
   7.8599999999999989E-002   70.633759737677366     
   7.9199999999999993E-002   70.602477010252741     
   7.9799999999999996E-002   70.568996569910666     
   8.0399999999999999E-002   70.533387841925318     
   8.0999999999999989E-002   70.495718875806730     
   8.1599999999999992E-002   70.456056367949785     
   8.2199999999999995E-002   70.414465683945011     
   8.2799999999999999E-002   70.371010880556398     
   8.3399999999999988E-002   70.325754727370338     
   8.3999999999999991E-002   70.278758728120820     
   8.4599999999999995E-002   70.230083141695303     
   8.5199999999999998E-002   70.179787002825449     
   8.5799999999999987E-002   70.127928142467766     
   8.6399999999999991E-002   70.074563207877958     
   8.6999999999999994E-002   70.019747682383766     
   8.7599999999999997E-002   69.963535904860109     
   8.8199999999999987E-002   69.905981088911147     
   8.8799999999999990E-002   69.847135341763334     
   8.9399999999999993E-002   69.787049682873160     
   8.9999999999999997E-002   69.725774062254274     
   9.0599999999999986E-002   69.663357378527294     
   9.1199999999999989E-002   69.599847496696853     
   9.1799999999999993E-002   69.535291265659296     
   9.2399999999999996E-002   69.469734535445056     
   9.2999999999999985E-002   69.403222174199385     
   9.3599999999999989E-002   69.335798084905363     
   9.4199999999999992E-002   69.267505221852488     
   9.4799999999999995E-002   69.198385606854984     
   9.5399999999999985E-002   69.128480345222712     
   9.5999999999999988E-002   69.057829641488851     
   9.6599999999999991E-002   68.986472814897567     
   9.7199999999999995E-002   68.914448314654877     
   9.7799999999999998E-002   68.841793734946506     
   9.8399999999999987E-002   68.768545829725639     
   9.8999999999999991E-002   68.694740527274320     
   9.9599999999999994E-002   68.620412944541286     
  0.10020000000000000        68.545597401259641     
  0.10079999999999999        68.470327433847686     
  0.10139999999999999        68.394635809095604     
  0.10199999999999999        68.318554537641518     
  0.10260000000000000        68.242114887239637     
  0.10319999999999999        68.165347395823431     
  0.10379999999999999        68.088281884367333     
  0.10439999999999999        68.010947469548910     
  0.10500000000000000        67.933372576215319     
  0.10559999999999999        67.855584949656347     
  0.10619999999999999        67.777611667686827     
  0.10679999999999999        67.699479152541429     
  0.10740000000000000        67.621213182584242     
  0.10799999999999998        67.542838903836184     
  0.10859999999999999        67.464380841322381     
  0.10919999999999999        67.385862910242579     
  0.10979999999999999        67.307308426966870     
  0.11039999999999998        67.228740119859367     
  0.11099999999999999        67.150180139932345     
  0.11159999999999999        67.071650071333167     
  0.11219999999999999        66.993170941666534     
  0.11279999999999998        66.914763232154542     
  0.11339999999999999        66.836446887636555     
  0.11399999999999999        66.758241326411692     
  0.11459999999999999        66.680165449925823     
  0.11520000000000000        66.602237652305476     
  0.11579999999999999        66.524475829741149     
  0.11639999999999999        66.446897389721514     
  0.11699999999999999        66.369519260121550     
  0.11760000000000000        66.292357898146236     
  0.11819999999999999        66.215429299131813     
  0.11879999999999999        66.138749005207146     
  0.11939999999999999        66.062332113816794     
  0.12000000000000000        65.986193286108161     
  0.12059999999999998        65.910346755184349     
  0.12119999999999999        65.834806334225092     
  0.12179999999999999        65.759585424477422     
  0.12239999999999999        65.684697023117920     
  0.12299999999999998        65.610153730988827     
  0.12359999999999999        65.535967760209530     
  0.12419999999999999        65.462150941665172     
  0.12479999999999999        65.388714732374638     
  0.12539999999999998        65.315670222739243     
  0.12600000000000000        65.243028143674223     
  0.12659999999999999        65.170798873624435     
  0.12719999999999998        65.098992445466180     
  0.12780000000000000        65.027618553297046     
  0.12839999999999999        64.956686559114729     
  0.12899999999999998        64.886205499387344     
  0.12959999999999999        64.816184091516192     
  0.13019999999999998        64.746630740192913     
  0.13080000000000000        64.677553543652323     
  0.13139999999999999        64.608960299822940     
  0.13199999999999998        64.540858512376133     
  0.13260000000000000        64.473255396675782     
  0.13319999999999999        64.406157885630023     
  0.13379999999999997        64.339572635446117     
  0.13439999999999999        64.273506031290268     
  0.13499999999999998        64.207964192853609     
  0.13560000000000000        64.142952979826021     
  0.13619999999999999        64.078477997278583     
  0.13679999999999998        64.014544600956825     
  0.13739999999999999        63.951157902485463     
  0.13799999999999998        63.888322774486163     
  0.13860000000000000        63.826043855609917     
  0.13919999999999999        63.764325555484710     
  0.13979999999999998        63.703172059580353     
  0.14040000000000000        63.642587333991408     
  0.14099999999999999        63.582575130139467     
  0.14159999999999998        63.523138989396145     
  0.14219999999999999        63.464282247627757     
  0.14279999999999998        63.406008039663092     
  0.14340000000000000        63.348319303685244     
  0.14399999999999999        63.291218785548942     
  0.14459999999999998        63.234709043024083     
  0.14520000000000000        63.178792449966977     
  0.14579999999999999        63.123471200420148     
  0.14639999999999997        63.068747312642031     
  0.14699999999999999        63.014622633067326     
  0.14759999999999998        62.961098840199242     
  0.14820000000000000        62.908177448434699     
  0.14879999999999999        62.855859811823450     
  0.14939999999999998        62.804147127762135     
  0.14999999999999999        62.753040440624190     
  0.15059999999999998        62.702540645326813     
  0.15119999999999997        62.652648490835659     
  0.15179999999999999        62.603364583608503     
  0.15239999999999998        62.554689390978616     
  0.15300000000000000        62.506623244478803     
  0.15359999999999999        62.459166343107107     
  0.15419999999999998        62.412318756535015     
  0.15479999999999999        62.366080428259089     
  0.15539999999999998        62.320451178696793     
  0.15600000000000000        62.275430708227510     
  0.15659999999999999        62.231018600179560     
  0.15719999999999998        62.187214323764032     
  0.15780000000000000        62.144017236956124     
  0.15839999999999999        62.101426589325229     
  0.15899999999999997        62.059441524814005     
  0.15959999999999999        62.018061084467654     
  0.16019999999999998        61.977284209113883     
  0.16080000000000000        61.937109741994746     
  0.16139999999999999        61.897536431350467     
  0.16199999999999998        61.858562932956623     
  0.16259999999999999        61.820187812615060     
  0.16319999999999998        61.782409548599425     
  0.16379999999999997        61.745226534055824     
  0.16439999999999999        61.708637079359683     
  0.16499999999999998        61.672639414429035     
  0.16560000000000000        61.637231690995272     
  0.16619999999999999        61.602411984831960     
  0.16679999999999998        61.568178297942275     
  0.16739999999999999        61.534528560705688     
  0.16799999999999998        61.501460633984841     
  0.16859999999999997        61.468972311192822     
  0.16919999999999999        61.437061320321867     
  0.16979999999999998        61.405725325933709     
  0.17040000000000000        61.374961931112701     
  0.17099999999999999        61.344768679381524     
  0.17159999999999997        61.315143056581121     
  0.17219999999999999        61.286082492714336     
  0.17279999999999998        61.257584363754717     
  0.17340000000000000        61.229645993420583     
  0.17399999999999999        61.202264654914849     
  0.17459999999999998        61.175437572631601     
  0.17519999999999999        61.149161923829446     
  0.17579999999999998        61.123434840272594     
  0.17639999999999997        61.098253409839856     
  0.17699999999999999        61.073614678102231     
  0.17759999999999998        61.049515649869768     
  0.17820000000000000        61.025953290707719     
  0.17879999999999999        61.002924528423115     
  0.17939999999999998        60.980426254521575     
  0.17999999999999999        60.958455325635434     
  0.18059999999999998        60.937008564923261     
  0.18119999999999997        60.916082763441381     
  0.18179999999999999        60.895674681487819     
  0.18239999999999998        60.875781049919276     
  0.18300000000000000        60.856398571441233     
  0.18359999999999999        60.837523921871970     
  0.18419999999999997        60.819153751380846     
  0.18479999999999999        60.801284685701027     
  0.18539999999999998        60.783913327317464     
  0.18599999999999997        60.767036256630178     
  0.18659999999999999        60.750650033093571     
  0.18719999999999998        60.734751196331899     
  0.18779999999999999        60.719336267231405     
  0.18839999999999998        60.704401749009634     
  0.18899999999999997        60.689944128262020     
  0.18959999999999999        60.675959875986436     
  0.19019999999999998        60.662445448585842     
  0.19079999999999997        60.649397288849464     
  0.19139999999999999        60.636811826912997     
  0.19199999999999998        60.624685481198028     
  0.19259999999999999        60.613014659330950     
  0.19319999999999998        60.601795759042020     
  0.19379999999999997        60.591025169044670     
  0.19439999999999999        60.580699269895369     
  0.19499999999999998        60.570814434834489     
  0.19560000000000000        60.561367030608508     
  0.19619999999999999        60.552353418273789     
  0.19679999999999997        60.543769953982228     
  0.19739999999999999        60.535612989749190     
  0.19799999999999998        60.527878874203964     
  0.19859999999999997        60.520563953323055     
  0.19919999999999999        60.513664571146542     
  0.19979999999999998        60.507177070478029     
  0.20039999999999999        60.501097793568007     
  0.20099999999999998        60.495423082781578     
  0.20159999999999997        60.490149281250034     
  0.20219999999999999        60.485272733507401     
  0.20279999999999998        60.480789786111409     
  0.20339999999999997        60.476696788249804     
  0.20399999999999999        60.472990092331855     
  0.20459999999999998        60.469666054565501     
  0.20519999999999999        60.466721035520358     
  0.20579999999999998        60.464151400676741     
  0.20639999999999997        60.461953520961160     
  0.20699999999999999        60.460123773268286     
  0.20759999999999998        60.458658540969786     
  0.20819999999999997        60.457554214410166     
  0.20879999999999999        60.456807191389963     
  0.20939999999999998        60.456413877636450     
  0.20999999999999999        60.456370687261952     
  0.21059999999999998        60.456674043210334     
  0.21119999999999997        60.457320377691445     
  0.21179999999999999        60.458306132604065     
  0.21239999999999998        60.459627759947431     
  0.21299999999999999        60.461281722221571     
  0.21359999999999998        60.463264492816592     
  0.21419999999999997        60.465572556391244     
  0.21479999999999999        60.468202409240881     
  0.21539999999999998        60.471150559654909     
  0.21599999999999997        60.474413528264165     
  0.21659999999999999        60.477987848378241     
  0.21719999999999998        60.481870066312887     
  0.21779999999999999        60.486056741707785     
  0.21839999999999998        60.490544447835006     
  0.21899999999999997        60.495329771897886     
  0.21959999999999999        60.500409315321008     
  0.22019999999999998        60.505779694031133     
  0.22079999999999997        60.511437538729275     
  0.22139999999999999        60.517379495154351     
  0.22199999999999998        60.523602224338170     
  0.22259999999999999        60.530102402852222     
  0.22319999999999998        60.536876723046262     
  0.22379999999999997        60.543921893279098     
  0.22439999999999999        60.551234638141203     
  0.22499999999999998        60.558811698669942     
  0.22559999999999997        60.566649832557218     
  0.22619999999999998        60.574745814349512     
  0.22679999999999997        60.583096435640989     
  0.22739999999999999        60.591698505259259     
  0.22799999999999998        60.600548849444287     
  0.22859999999999997        60.609644312020428     
  0.22919999999999999        60.618981754561766     
  0.22979999999999998        60.628558056550943     
  0.23039999999999999        60.638370115531451     
  0.23099999999999998        60.648414847253726     
  0.23159999999999997        60.658689185815000     
  0.23219999999999999        60.669190083793097     
  0.23279999999999998        60.679914512374268     
  0.23339999999999997        60.690859461475320     
  0.23399999999999999        60.702021939859925     
  0.23459999999999998        60.713398975249341     
  0.23519999999999999        60.724987614427818     
  0.23579999999999998        60.736784923342483     
  0.23639999999999997        60.748787987197993     
  0.23699999999999999        60.760993910546176     
  0.23759999999999998        60.773399817370510     
  0.23819999999999997        60.786002851165726     
  0.23879999999999998        60.798800175012566     
  0.23939999999999997        60.811788971647886     
  0.23999999999999999        60.824966443530002     
  0.24059999999999998        60.838329812899651     
  0.24119999999999997        60.851876321836436     
  0.24179999999999999        60.865603232310995     
  0.24239999999999998        60.879507826232825     
  0.24299999999999997        60.893587405494102     
  0.24359999999999998        60.907839292009314     
  0.24419999999999997        60.922260827751025     
  0.24479999999999999        60.936849374781630     
  0.24539999999999998        60.951602315281498     
  0.24599999999999997        60.966517051573135     
  0.24659999999999999        60.981591006142068     
  0.24719999999999998        60.996821621653730     
  0.24779999999999996        61.012206360967397     
  0.24839999999999998        61.027742707146245     
  0.24899999999999997        61.043428163464398     
  0.24959999999999999        61.059260253410635     
  0.25019999999999998        61.075236520688982     
  0.25079999999999997        61.091354529216069     
  0.25139999999999996        61.107611863115721     
  0.25200000000000000        61.124006126710263     
  0.25259999999999999        61.140534944509376     
  0.25319999999999998        61.157195961195676     
  0.25379999999999997        61.173986841607920     
  0.25439999999999996        61.190905270721338     
  0.25500000000000000        61.207948953625440     
  0.25559999999999999        61.225115615499149     
  0.25619999999999998        61.242403001583703     
  0.25679999999999997        61.259808877152821     
  0.25739999999999996        61.277331027480756     
  0.25799999999999995        61.294967257807862     
  0.25860000000000000        61.312715393304003     
  0.25919999999999999        61.330573279029920     
  0.25979999999999998        61.348538779896032     
  0.26039999999999996        61.366609780619683     
  0.26099999999999995        61.384784185680004     
  0.26160000000000000        61.403059919270937     
  0.26219999999999999        61.421434925252385     
  0.26279999999999998        61.439907167099307     
  0.26339999999999997        61.458474627849299     
  0.26399999999999996        61.477135310048055     
  0.26460000000000000        61.495887235693509     
  0.26519999999999999        61.514728446177841     
  0.26579999999999998        61.533657002228345     
  0.26639999999999997        61.552670983846340     
  0.26699999999999996        61.571768490244743     
  0.26759999999999995        61.590947639784119     
  0.26819999999999999        61.610206569907284     
  0.26879999999999998        61.629543437072449     
  0.26939999999999997        61.648956416685117     
  0.26999999999999996        61.668443703028622     
  0.27059999999999995        61.688003509193244     
  0.27120000000000000        61.707634067004399     
  0.27179999999999999        61.727333626949317     
  0.27239999999999998        61.747100458102693     
  0.27299999999999996        61.766932848051304     
  0.27359999999999995        61.786829102817400     
  0.27420000000000000        61.806787546781067     
  0.27479999999999999        61.826806522601615     
  0.27539999999999998        61.846884391138019     
  0.27599999999999997        61.867019531368371     
  0.27659999999999996        61.887210340308314     
  0.27720000000000000        61.907455232928847     
  0.27779999999999999        61.927752642073038     
  0.27839999999999998        61.948101018372100     
  0.27899999999999997        61.968498830160542     
  0.27959999999999996        61.988944563390632     
  0.28019999999999995        62.009436721546258     
  0.28079999999999999        62.029973825555714     
  0.28139999999999998        62.050554413704319     
  0.28199999999999997        62.071177041546051     
  0.28259999999999996        62.091840281814669     
  0.28319999999999995        62.112542724334276     
  0.28380000000000000        62.133282975929262     
  0.28439999999999999        62.154059660333793     
  0.28499999999999998        62.174871418100729     
  0.28559999999999997        62.195716906510100     
  0.28619999999999995        62.216594799477107     
  0.28680000000000000        62.237503787459673     
  0.28739999999999999        62.258442577365592     
  0.28799999999999998        62.279409892459356     
  0.28859999999999997        62.300404472268490     
  0.28919999999999996        62.321425072489639     
  0.28980000000000000        62.342470464894362     
  0.29039999999999999        62.363539437234408     
  0.29099999999999998        62.384630793147082     
  0.29159999999999997        62.405743352059986     
  0.29219999999999996        62.426875949095731     
  0.29279999999999995        62.448027434976382     
  0.29339999999999999        62.469196675927648     
  0.29399999999999998        62.490382553582926     
  0.29459999999999997        62.511583964887279     
  0.29519999999999996        62.532799822001039     
  0.29579999999999995        62.554029052203461     
  0.29640000000000000        62.575270597796234     
  0.29699999999999999        62.596523416006839     
  0.29759999999999998        62.617786478891851     
  0.29819999999999997        62.639058773240222     
  0.29879999999999995        62.660339300476359     
  0.29940000000000000        62.681627076563487     
  0.29999999999999999        62.702921131906557     
