   0.00000000       0.00000000    
   5.9999999999999995E-004   1.8358545765753784     
   1.1999999999999999E-003   3.6205919374731415     
   1.8000000000000000E-003   5.3553499419002719     
   2.3999999999999998E-003   7.0412440048330502     
   2.9999999999999996E-003   8.6793675096382543     
   3.5999999999999999E-003   10.270792213438307     
   4.1999999999999997E-003   11.816568645344141     
   4.7999999999999996E-003   13.317726497677556     
   5.3999999999999994E-003   14.775275010302728     
   5.9999999999999993E-003   16.190203348184642     
   6.5999999999999991E-003   17.563480972290165     
   7.1999999999999998E-003   18.896058003945537     
   7.7999999999999996E-003   20.188865582762215     
   8.3999999999999995E-003   21.442816218241195     
   8.9999999999999993E-003   22.658804135163823     
   9.5999999999999992E-003   23.837705612875606     
   1.0199999999999999E-002   24.980379318567667     
   1.0799999999999999E-002   26.087666634658575     
   1.1399999999999999E-002   27.160391980377735     
   1.1999999999999999E-002   28.199363127649811     
   1.2599999999999998E-002   29.205371511377958     
   1.3199999999999998E-002   30.179192534221841     
   1.3799999999999998E-002   31.121585865965223     
   1.4400000000000000E-002   32.033295737565773     
   1.4999999999999999E-002   32.915051229978737     
   1.5599999999999999E-002   33.767566557844091     
   1.6199999999999999E-002   34.591541348125588     
   1.6799999999999999E-002   35.387660913788643     
   1.7399999999999999E-002   36.156596522602399     
   1.7999999999999999E-002   36.899005661149637     
   1.8599999999999998E-002   37.615532294127625     
   1.9199999999999998E-002   38.306807119020625     
   1.9799999999999998E-002   38.973447816224038     
   2.0399999999999998E-002   39.616059294698559     
   2.0999999999999998E-002   40.235233933231491     
   2.1599999999999998E-002   40.831551817381083     
   2.2199999999999998E-002   41.405580972178456     
   2.2799999999999997E-002   41.957877590660303     
   2.3399999999999997E-002   42.488986258304536     
   2.3999999999999997E-002   42.999440173439716     
   2.4599999999999997E-002   43.489761363697845     
   2.5199999999999997E-002   43.960460898579093     
   2.5799999999999997E-002   44.412039098195677     
   2.6399999999999996E-002   44.844985738261293     
   2.6999999999999996E-002   45.259780251390715     
   2.7599999999999996E-002   45.656891924774172     
   2.8199999999999996E-002   46.036780094288851     
   2.8799999999999999E-002   46.399894335109565     
   2.9399999999999999E-002   46.746674648879413     
   2.9999999999999999E-002   47.077551647500151     
   3.0599999999999999E-002   47.392946733600859     
   3.1199999999999999E-002   47.693272277742963     
   3.1799999999999995E-002   47.978931792418017     
   3.2399999999999998E-002   48.250320102894491     
   3.2999999999999995E-002   48.507823514967917     
   3.3599999999999998E-002   48.751819979668817     
   3.4199999999999994E-002   48.982679254981043     
   3.4799999999999998E-002   49.200763064622933     
   3.5399999999999994E-002   49.406425253942402     
   3.5999999999999997E-002   49.600011942976231     
   3.6599999999999994E-002   49.781861676723381     
   3.7199999999999997E-002   49.952305572680544     
   3.7799999999999993E-002   50.111667465688264     
   3.8399999999999997E-002   50.260264050134346     
   3.9000000000000000E-002   50.398405019560826     
   3.9599999999999996E-002   50.526393203720083     
   4.0200000000000000E-002   50.644524703124603     
   4.0799999999999996E-002   50.753089021134464     
   4.1399999999999999E-002   50.852369193625620     
   4.1999999999999996E-002   50.942641916281310     
   4.2599999999999999E-002   51.024177669548649     
   4.3199999999999995E-002   51.097240841300973     
   4.3799999999999999E-002   51.162089847246520     
   4.4399999999999995E-002   51.218977249122936     
   4.4999999999999998E-002   51.268149870716684     
   4.5599999999999995E-002   51.309848911745398     
   4.6199999999999998E-002   51.344310059640975     
   4.6799999999999994E-002   51.371763599270444     
   4.7399999999999998E-002   51.392434520630665     
   4.7999999999999994E-002   51.406542624552891     
   4.8599999999999997E-002   51.414302626452177     
   4.9199999999999994E-002   51.415924258156110     
   4.9799999999999997E-002   51.411612367846857     
   5.0399999999999993E-002   51.401567018149841     
   5.0999999999999997E-002   51.385983582401785     
   5.1599999999999993E-002   51.365052839130421     
   5.2199999999999996E-002   51.338961064777408     
   5.2799999999999993E-002   51.307890124695724     
   5.3399999999999996E-002   51.272017562451829     
   5.3999999999999992E-002   51.231516687463120     
   5.4599999999999996E-002   51.186556660999713     
   5.5199999999999992E-002   51.137302580579913     
   5.5799999999999995E-002   51.083915562787830     
   5.6399999999999992E-002   51.026552824541099     
   5.6999999999999995E-002   50.965367762836458     
   5.7599999999999998E-002   50.900510032999975     
   5.8199999999999995E-002   50.832125625468855     
   5.8799999999999998E-002   50.760356941130837     
   5.9399999999999994E-002   50.685342865246838     
   5.9999999999999998E-002   50.607218839982266     
   6.0599999999999994E-002   50.526116935571800     
   6.1199999999999997E-002   50.442165920141811     
   6.1799999999999994E-002   50.355491328214875     
   6.2399999999999997E-002   50.266215527919456     
   6.3000000000000000E-002   50.174457786928222     
   6.3599999999999990E-002   50.080334337147818     
   6.4199999999999993E-002   49.983958438182043     
   6.4799999999999996E-002   49.885440439591015     
   6.5400000000000000E-002   49.784887841967425     
   6.5999999999999989E-002   49.682405356851341     
   6.6599999999999993E-002   49.578094965504484     
   6.7199999999999996E-002   49.472055976564270     
   6.7799999999999999E-002   49.364385082597991     
   6.8399999999999989E-002   49.255176415576699     
   6.8999999999999992E-002   49.144521601288481     
   6.9599999999999995E-002   49.032509812710131     
   7.0199999999999999E-002   48.919227822355900     
   7.0799999999999988E-002   48.804760053622040     
   7.1399999999999991E-002   48.689188631145001     
   7.1999999999999995E-002   48.572593430191333     
   7.2599999999999998E-002   48.455052125096721     
   7.3199999999999987E-002   48.336640236771174     
   7.3799999999999991E-002   48.217431179287743     
   7.4399999999999994E-002   48.097496305570807     
   7.4999999999999997E-002   47.976904952200805     
   7.5599999999999987E-002   47.855724483350961     
   7.6199999999999990E-002   47.734020333872103     
   7.6799999999999993E-002   47.611856051541054     
   7.7399999999999997E-002   47.489293338487464     
   7.8000000000000000E-002   47.366392091814546     
   7.8599999999999989E-002   47.243210443427969     
   7.9199999999999993E-002   47.119804799087539     
   7.9799999999999996E-002   46.996229876695914     
   8.0399999999999999E-002   46.872538743838064     
   8.0999999999999989E-002   46.748782854585450     
   8.1599999999999992E-002   46.625012085578021     
   8.2199999999999995E-002   46.501274771397611     
   8.2799999999999999E-002   46.377617739245494     
   8.3399999999999988E-002   46.254086342936823     
   8.3999999999999991E-002   46.130724496224630     
   8.4599999999999995E-002   46.007574705465665     
   8.5199999999999998E-002   45.884678101640056     
   8.5799999999999987E-002   45.762074471736753     
   8.6399999999999991E-002   45.639802289516432     
   8.6999999999999994E-002   45.517898745663395     
   8.7599999999999997E-002   45.396399777337514     
   8.8199999999999987E-002   45.275340097137480     
   8.8799999999999990E-002   45.154753221486203     
   8.9399999999999993E-002   45.034671498449022     
   8.9999999999999997E-002   44.915126134995077     
   9.0599999999999986E-002   44.796147223712460     
   9.1199999999999989E-002   44.677763768986964     
   9.1799999999999993E-002   44.560003712654485     
   9.2399999999999996E-002   44.442893959136995     
   9.2999999999999985E-002   44.326460400071426     
   9.3599999999999989E-002   44.210727938440968     
   9.4199999999999992E-002   44.095720512218307     
   9.4799999999999995E-002   43.981461117529413     
   9.5399999999999985E-002   43.867971831347305     
   9.5999999999999988E-002   43.755273833724175     
   9.6599999999999991E-002   43.643387429570680     
   9.7199999999999995E-002   43.532332069991050     
   9.7799999999999998E-002   43.422126373181747     
   9.8399999999999987E-002   43.312788144902648     
   9.8999999999999991E-002   43.204334398527990     
   9.9599999999999994E-002   43.096781374685570     
  0.10020000000000000        42.990144560491508     
  0.10079999999999999        42.884438708388480     
  0.10139999999999999        42.779677854594738     
  0.10199999999999999        42.675875337171171     
  0.10260000000000000        42.573043813713895     
  0.10319999999999999        42.471195278679062     
  0.10379999999999999        42.370341080347210     
  0.10439999999999999        42.270491937433732     
  0.10500000000000000        42.171657955352146     
  0.10559999999999999        42.073848642137008     
  0.10619999999999999        41.977072924032662     
  0.10679999999999999        41.881339160754258     
  0.10740000000000000        41.786655160427323     
  0.10799999999999998        41.693028194211941     
  0.10859999999999999        41.600465010617611     
  0.10919999999999999        41.508971849514637     
  0.10979999999999999        41.418554455847769     
  0.11039999999999998        41.329218093058117     
  0.11099999999999999        41.240967556218386     
  0.11159999999999999        41.153807184887498     
  0.11219999999999999        41.067740875689566     
  0.11279999999999998        40.982772094622653     
  0.11339999999999999        40.898903889102641     
  0.11399999999999999        40.816138899747038     
  0.11459999999999999        40.734479371904094     
  0.11520000000000000        40.653927166931737     
  0.11579999999999999        40.574483773231456     
  0.11639999999999999        40.496150317041845     
  0.11699999999999999        40.418927572996289     
  0.11760000000000000        40.342815974449515     
  0.11819999999999999        40.267815623577540     
  0.11879999999999999        40.193926301255175     
  0.11939999999999999        40.121147476715798     
  0.12000000000000000        40.049478316997202     
  0.12059999999999998        39.978917696178129     
  0.12119999999999999        39.909464204409154     
  0.12179999999999999        39.841116156742345     
  0.12239999999999999        39.773871601763332     
  0.12299999999999998        39.707728330029845     
  0.12359999999999999        39.642683882320441     
  0.12419999999999999        39.578735557697172     
  0.12479999999999999        39.515880421385845     
  0.12539999999999998        39.454115312477548     
  0.12600000000000000        39.393436851454872     
  0.12659999999999999        39.333841447546362     
  0.12719999999999998        39.275325305912496     
  0.12780000000000000        39.217884434666786     
  0.12839999999999999        39.161514651734933     
  0.12899999999999998        39.106211591555542     
  0.12959999999999999        39.051970711625408     
  0.13019999999999998        38.998787298892552     
  0.13080000000000000        38.946656475999866     
  0.13139999999999999        38.895573207382760     
  0.13199999999999998        38.845532305223237     
  0.13260000000000000        38.796528435263639     
  0.13319999999999999        38.748556122482789     
  0.13379999999999997        38.701609756637176     
  0.13439999999999999        38.655683597670134     
  0.13499999999999998        38.610771780991470     
  0.13560000000000000        38.566868322630306     
  0.13619999999999999        38.523967124263635     
  0.13679999999999998        38.482061978123092     
  0.13739999999999999        38.441146571782561     
  0.13799999999999998        38.401214492828778     
  0.13860000000000000        38.362259233417731     
  0.13919999999999999        38.324274194718654     
  0.13979999999999998        38.287252691248419     
  0.14040000000000000        38.251187955098288     
  0.14099999999999999        38.216073140055315     
  0.14159999999999998        38.181901325620544     
  0.14219999999999999        38.148665520926258     
  0.14279999999999998        38.116358668554113     
  0.14340000000000000        38.084973648256401     
  0.14399999999999999        38.054503280582558     
  0.14459999999999998        38.024940330412505     
  0.14520000000000000        37.996277510399132     
  0.14579999999999999        37.968507484321677     
  0.14639999999999997        37.941622870351843     
  0.14699999999999999        37.915616244234492     
  0.14759999999999998        37.890480142384781     
  0.14820000000000000        37.866207064903335     
  0.14879999999999999        37.842789478511463     
  0.14939999999999998        37.820219819407754     
  0.14999999999999999        37.798490496047968     
  0.15059999999999998        37.777593891849882     
  0.15119999999999997        37.757522367824357     
  0.15179999999999999        37.738268265134600     
  0.15239999999999998        37.719823907584967     
  0.15300000000000000        37.702181604040739     
  0.15359999999999999        37.685333650780478     
  0.15419999999999998        37.669272333782381     
  0.15479999999999999        37.653989930946068     
  0.15539999999999998        37.639478714251098     
  0.15600000000000000        37.625730951853711     
  0.15659999999999999        37.612738910123149     
  0.15719999999999998        37.600494855618606     
  0.15780000000000000        37.588991057008556     
  0.15839999999999999        37.578219786933261     
  0.15899999999999997        37.568173323812012     
  0.15959999999999999        37.558843953596210     
  0.16019999999999998        37.550223971469393     
  0.16080000000000000        37.542305683495620     
  0.16139999999999999        37.535081408217032     
  0.16199999999999998        37.528543478202067     
  0.16259999999999999        37.522684241545093     
  0.16319999999999998        37.517496063318866     
  0.16379999999999997        37.512971326980505     
  0.16439999999999999        37.509102435732459     
  0.16499999999999998        37.505881813839075     
  0.16560000000000000        37.503301907899974     
  0.16619999999999999        37.501355188081263     
  0.16679999999999998        37.500034149305471     
  0.16739999999999999        37.499331312400912     
  0.16799999999999998        37.499239225211973     
  0.16859999999999997        37.499750463670573     
  0.16919999999999999        37.500857632830225     
  0.16979999999999998        37.502553367863158     
  0.17040000000000000        37.504830335021687     
  0.17099999999999999        37.507681232564323     
  0.17159999999999997        37.511098791647761     
  0.17219999999999999        37.515075777185395     
  0.17279999999999998        37.519604988673052     
  0.17340000000000000        37.524679260983000     
  0.17399999999999999        37.530291465126581     
  0.17459999999999998        37.536434508986595     
  0.17519999999999999        37.543101338020001     
  0.17579999999999998        37.550284935931508     
  0.17639999999999997        37.557978325318963     
  0.17699999999999999        37.566174568291167     
  0.17759999999999998        37.574866767058673     
  0.17820000000000000        37.584048064498340     
  0.17879999999999999        37.593711644692270     
  0.17939999999999998        37.603850733441668     
  0.17999999999999999        37.614458598756329     
  0.18059999999999998        37.625528551320343     
  0.18119999999999997        37.637053944934550     
  0.18179999999999999        37.649028176936376     
  0.18239999999999998        37.661444688597648     
  0.18300000000000000        37.674296965500758     
  0.18359999999999999        37.687578537894055     
  0.18419999999999997        37.701282981026573     
  0.18479999999999999        37.715403915463064     
  0.18539999999999998        37.729935007379410     
  0.18599999999999997        37.744869968839254     
  0.18659999999999999        37.760202558052178     
  0.18719999999999998        37.775926579613930     
  0.18779999999999999        37.792035884729103     
  0.18839999999999998        37.808524371416965     
  0.18899999999999997        37.825385984700510     
  0.18959999999999999        37.842614716779579     
  0.19019999999999998        37.860204607188088     
  0.19079999999999997        37.878149742936095     
  0.19139999999999999        37.896444258637040     
  0.19199999999999998        37.915082336620323     
  0.19259999999999999        37.934058207030070     
  0.19319999999999998        37.953366147909975     
  0.19379999999999997        37.973000485275058     
  0.19439999999999999        37.992955593170279     
  0.19499999999999998        38.013225893716701     
  0.19560000000000000        38.033805857145445     
  0.19619999999999999        38.054690001819708     
  0.19679999999999997        38.075872894245279     
  0.19739999999999999        38.097349149069842     
  0.19799999999999998        38.119113429071426     
  0.19859999999999997        38.141160445136279     
  0.19919999999999999        38.163484956226476     
  0.19979999999999998        38.186081769337648     
  0.20039999999999999        38.208945739446953     
  0.20099999999999998        38.232071769451807     
  0.20159999999999997        38.255454810099458     
  0.20219999999999999        38.279089859907870     
  0.20279999999999998        38.302971965077859     
  0.20339999999999997        38.327096219397326     
  0.20399999999999999        38.351457764137123     
  0.20459999999999998        38.376051787939467     
  0.20519999999999999        38.400873526698660     
  0.20579999999999998        38.425918263434696     
  0.20639999999999997        38.451181328159741     
  0.20699999999999999        38.476658097737960     
  0.20759999999999998        38.502343995738649     
  0.20819999999999997        38.528234492283133     
  0.20879999999999999        38.554325103885482     
  0.20939999999999998        38.580611393287427     
  0.20999999999999999        38.607088969287418     
  0.21059999999999998        38.633753486564345     
  0.21119999999999997        38.660600645495812     
  0.21179999999999999        38.687626191971468     
  0.21239999999999998        38.714825917201232     
  0.21299999999999999        38.742195657518991     
  0.21359999999999998        38.769731294181533     
  0.21419999999999997        38.797428753163281     
  0.21479999999999999        38.825284004946703     
  0.21539999999999998        38.853293064308730     
  0.21599999999999997        38.881451990103287     
  0.21659999999999999        38.909756885040082     
  0.21719999999999998        38.938203895459914     
  0.21779999999999999        38.966789211106423     
  0.21839999999999998        38.995509064894776     
  0.21899999999999997        39.024359732677034     
  0.21959999999999999        39.053337533004679     
  0.22019999999999998        39.082438826888243     
  0.22079999999999997        39.111660017554236     
  0.22139999999999999        39.140997550199550     
  0.22199999999999998        39.170447911743317     
  0.22259999999999999        39.200007630576579     
  0.22319999999999998        39.229673276309555     
  0.22379999999999997        39.259441459517170     
  0.22439999999999999        39.289308831482160     
  0.22499999999999998        39.319272083936745     
  0.22559999999999997        39.349327948802326     
  0.22619999999999998        39.379473197927517     
  0.22679999999999997        39.409704642824870     
  0.22739999999999999        39.440019134405929     
  0.22799999999999998        39.470413562715066     
  0.22859999999999997        39.500884856662076     
  0.22919999999999999        39.531429983753611     
  0.22979999999999998        39.562045949823577     
  0.23039999999999999        39.592729798762505     
  0.23099999999999998        39.623478612246195     
  0.23159999999999997        39.654289509463418     
  0.23219999999999999        39.685159646842941     
  0.23279999999999998        39.716086217780038     
  0.23339999999999997        39.747066452362290     
  0.23399999999999999        39.778097617094964     
  0.23459999999999998        39.809177014626059     
  0.23519999999999999        39.840301983470958     
  0.23579999999999998        39.871469897736795     
  0.23639999999999997        39.902678166846655     
  0.23699999999999999        39.933924235263689     
  0.23759999999999998        39.965205582215091     
  0.23819999999999997        39.996519721416142     
  0.23879999999999998        40.027864200794198     
  0.23939999999999997        40.059236602212955     
  0.23999999999999999        40.090634541196749     
  0.24059999999999998        40.122055666655122     
  0.24119999999999997        40.153497660607734     
  0.24179999999999999        40.184958237909477     
  0.24239999999999998        40.216435145976135     
  0.24299999999999997        40.247926164510289     
  0.24359999999999998        40.279429105227891     
  0.24419999999999997        40.310941811585181     
  0.24479999999999999        40.342462158506301     
  0.24539999999999998        40.373988052111521     
  0.24599999999999997        40.405517429445965     
  0.24659999999999999        40.437048258209245     
  0.24719999999999998        40.468578536485623     
  0.24779999999999996        40.500106292475166     
  0.24839999999999998        40.531629584225435     
  0.24899999999999997        40.563146499364244     
  0.24959999999999999        40.594655154833205     
  0.25019999999999998        40.626153696622140     
  0.25079999999999997        40.657640299504543     
  0.25139999999999996        40.689113166773865     
  0.25200000000000000        40.720570529980940     
  0.25259999999999999        40.752010648672332     
  0.25319999999999998        40.783431810129819     
  0.25379999999999997        40.814832329110885     
  0.25439999999999996        40.846210547590367     
  0.25500000000000000        40.877564834503225     
  0.25559999999999999        40.908893585488435     
  0.25619999999999998        40.940195222634124     
  0.25679999999999997        40.971468194223817     
  0.25739999999999996        41.002710974484003     
  0.25799999999999995        41.033922063332817     
  0.25860000000000000        41.065099986130107     
  0.25919999999999999        41.096243293428707     
  0.25979999999999998        41.127350560727010     
  0.26039999999999996        41.158420388222858     
  0.26099999999999995        41.189451400568757     
  0.26160000000000000        41.220442246628416     
  0.26219999999999999        41.251391599234765     
  0.26279999999999998        41.282298154949075     
  0.26339999999999997        41.313160633821788     
  0.26399999999999996        41.343977779154436     
  0.26460000000000000        41.374748357263258     
  0.26519999999999999        41.405471157243952     
  0.26579999999999998        41.436144990738093     
  0.26639999999999997        41.466768691700842     
  0.26699999999999996        41.497341116170176     
  0.26759999999999995        41.527861142037494     
  0.26819999999999999        41.558327668819828     
  0.26879999999999998        41.588739617433397     
  0.26939999999999997        41.619095929968665     
  0.26999999999999996        41.649395569466954     
  0.27059999999999995        41.679637519698453     
  0.27120000000000000        41.709820784941812     
  0.27179999999999999        41.739944389765192     
  0.27239999999999998        41.770007378808778     
  0.27299999999999996        41.800008816568962     
  0.27359999999999995        41.829947787183826     
  0.27420000000000000        41.859823394220349     
  0.27479999999999999        41.889634760462947     
  0.27539999999999998        41.919381027703672     
  0.27599999999999997        41.949061356533939     
  0.27659999999999996        41.978674926137664     
  0.27720000000000000        42.008220934086069     
  0.27779999999999999        42.037698596133865     
  0.27839999999999998        42.067107146017158     
  0.27899999999999997        42.096445835252723     
  0.27959999999999996        42.125713932938851     
  0.28019999999999995        42.154910725557841     
  0.28079999999999999        42.184035516779737     
  0.28139999999999998        42.213087627267996     
  0.28199999999999997        42.242066394486308     
  0.28259999999999996        42.270971172507224     
  0.28319999999999995        42.299801331822074     
  0.28380000000000000        42.328556259152613     
  0.28439999999999999        42.357235357264017     
  0.28499999999999998        42.385838044779547     
  0.28559999999999997        42.414363755996590     
  0.28619999999999995        42.442811940704338     
  0.28680000000000000        42.471182064002846     
  0.28739999999999999        42.499473606123665     
  0.28799999999999998        42.527686062252059     
  0.28859999999999997        42.555818942350520     
  0.28919999999999996        42.583871770983926     
  0.28980000000000000        42.611844087146167     
  0.29039999999999999        42.639735444088167     
  0.29099999999999998        42.667545409147557     
  0.29159999999999997        42.695273563579569     
  0.29219999999999996        42.722919502389665     
  0.29279999999999995        42.750482834167506     
  0.29339999999999999        42.777963180922235     
  0.29399999999999998        42.805360177919511     
  0.29459999999999997        42.832673473519783     
  0.29519999999999996        42.859902729018039     
  0.29579999999999995        42.887047618485006     
  0.29640000000000000        42.914107828609779     
  0.29699999999999999        42.941083058543924     
  0.29759999999999998        42.967973019746843     
  0.29819999999999997        42.994777435832710     
  0.29879999999999995        43.021496042418747     
  0.29940000000000000        43.048128586974890     
  0.29999999999999999        43.074674828674794     
