   0.00000000       0.00000000    
   5.9999999999999995E-004   1.8367136060986526     
   1.1999999999999999E-003   3.6239804538600127     
   1.8000000000000000E-003   5.3628685231302304     
   2.3999999999999998E-003   7.0544253416598623     
   2.9999999999999996E-003   8.6996783501003705     
   3.5999999999999999E-003   10.299635260771216     
   4.1999999999999997E-003   11.855284410300696     
   4.7999999999999996E-003   13.367595106241962     
   5.3999999999999994E-003   14.837517967764073     
   5.9999999999999993E-003   16.265985260516281     
   6.5999999999999991E-003   17.653911225762148     
   7.1999999999999998E-003   19.002192403878556     
   7.7999999999999996E-003   20.311707952313167     
   8.3999999999999995E-003   21.583319958092240     
   8.9999999999999993E-003   22.817873744969340     
   9.5999999999999992E-003   24.016198175304034     
   1.0199999999999999E-002   25.179105946758025     
   1.0799999999999999E-002   26.307393883895017     
   1.1399999999999999E-002   27.401843224769003     
   1.1999999999999999E-002   28.463219902584349     
   1.2599999999999998E-002   29.492274822509792     
   1.3199999999999998E-002   30.489744133726919     
   1.3799999999999998E-002   31.456349496792573     
   1.4400000000000000E-002   32.392798346393349     
   1.4999999999999999E-002   33.299784149568872     
   1.5599999999999999E-002   34.177986659479458     
   1.6199999999999999E-002   35.028072164792555     
   1.6799999999999999E-002   35.850693734761094     
   1.7399999999999999E-002   36.646491460065555     
   1.7999999999999999E-002   37.416092689490618     
   1.8599999999999998E-002   38.160112262506132     
   1.9199999999999998E-002   38.879152737820412     
   1.9799999999999998E-002   39.573804617974019     
   2.0399999999999998E-002   40.244646570039230     
   2.0999999999999998E-002   40.892245642491460     
   2.1599999999999998E-002   41.517157478315951     
   2.2199999999999998E-002   42.119926524413060     
   2.2799999999999997E-002   42.701086237364372     
   2.3399999999999997E-002   43.261159285620288     
   2.3999999999999997E-002   43.800657748169428     
   2.4599999999999997E-002   44.320083309748632     
   2.5199999999999997E-002   44.819927452651925     
   2.5799999999999997E-002   45.300671645195244     
   2.6399999999999996E-002   45.762787526893327     
   2.6999999999999996E-002   46.206737090404012     
   2.7599999999999996E-002   46.632972860294309     
   2.8199999999999996E-002   47.041938068681496     
   2.8799999999999999E-002   47.434066827802290     
   2.9399999999999999E-002   47.809784299561343     
   2.9999999999999999E-002   48.169506862110261     
   3.0599999999999999E-002   48.513642273507131     
   3.1199999999999999E-002   48.842589832505588     
   3.1799999999999995E-002   49.156740536522250     
   3.2399999999999998E-002   49.456477236829670     
   3.2999999999999995E-002   49.742174791022087     
   3.3599999999999998E-002   50.014200212799622     
   3.4199999999999994E-002   50.272912819116677     
   3.4799999999999998E-002   50.518664374738734     
   3.5399999999999994E-002   50.751799234251578     
   3.5999999999999997E-002   50.972654481566060     
   3.6599999999999994E-002   51.181560066960770     
   3.7199999999999997E-002   51.378838941704252     
   3.7799999999999993E-002   51.564807190297969     
   3.8399999999999997E-002   51.739774160380179     
   3.9000000000000000E-002   51.904042590330498     
   3.9599999999999996E-002   52.057908734614166     
   4.0200000000000000E-002   52.201662486904382     
   4.0799999999999996E-002   52.335587501020427     
   4.1399999999999999E-002   52.459961309718807     
   4.1999999999999996E-002   52.575055441373813     
   4.2599999999999999E-002   52.681135534583412     
   4.3199999999999995E-002   52.778461450735961     
   4.3799999999999999E-002   52.867287384572144     
   4.4399999999999995E-002   52.947861972776742     
   4.4999999999999998E-002   53.020428400633300     
   4.5599999999999995E-002   53.085224506775226     
   4.6199999999999998E-002   53.142482886065473     
   4.6799999999999994E-002   53.192430990636922     
   4.7399999999999998E-002   53.235291229124847     
   4.7999999999999994E-002   53.271281064122327     
   4.8599999999999997E-002   53.300613107889085     
   4.9199999999999994E-002   53.323495216343524     
   4.9799999999999997E-002   53.340130581367490     
   5.0399999999999993E-002   53.350717821452484     
   5.0999999999999997E-002   53.355451070715979     
   5.1599999999999993E-002   53.354520066315594     
   5.2199999999999996E-002   53.348110234288662     
   5.2799999999999993E-002   53.336402773844277     
   5.3399999999999996E-002   53.319574740134456     
   5.3999999999999992E-002   53.297799125530268     
   5.4599999999999996E-002   53.271244939428996     
   5.5199999999999992E-002   53.240077286617506     
   5.5799999999999995E-002   53.204457444216303     
   5.6399999999999992E-002   53.164542937229427     
   5.6999999999999995E-002   53.120487612723593     
   5.7599999999999998E-002   53.072441712660464     
   5.8199999999999995E-002   53.020551945405323     
   5.8799999999999998E-002   52.964961555934948     
   5.9399999999999994E-002   52.905810394767116     
   5.9999999999999998E-002   52.843234985633984     
   6.0599999999999994E-002   52.777368591920741     
   6.1199999999999997E-002   52.708341281891379     
   6.1799999999999994E-002   52.636279992722180     
   6.2399999999999997E-002   52.561308593363727     
   6.3000000000000000E-002   52.483547946251754     
   6.3599999999999990E-002   52.403115967886869     
   6.4199999999999993E-002   52.320127688302513     
   6.4799999999999996E-002   52.234695309440930     
   6.5400000000000000E-002   52.146928262455560     
   6.5999999999999989E-002   52.056933263959060     
   6.6599999999999993E-002   51.964814371234915     
   6.7199999999999996E-002   51.870673036430823     
   6.7799999999999999E-002   51.774608159751750     
   6.8399999999999989E-002   51.676716141669679     
   6.8999999999999992E-002   51.577090934167735     
   6.9599999999999995E-002   51.475824091035086     
   7.0199999999999999E-002   51.373004817229514     
   7.0799999999999988E-002   51.268720017323780     
   7.1399999999999991E-002   51.163054343051741     
   7.1999999999999995E-002   51.056090239970295     
   7.2599999999999998E-002   50.947907993252400     
   7.3199999999999987E-002   50.838585772626232     
   7.3799999999999991E-002   50.728199676475889     
   7.4399999999999994E-002   50.616823775117936     
   7.4999999999999997E-002   50.504530153268696     
   7.5599999999999987E-002   50.391388951715932     
   7.6199999999999990E-002   50.277468408209558     
   7.6799999999999993E-002   50.162834897584503     
   7.7399999999999997E-002   50.047552971129946     
   7.8000000000000000E-002   49.931685395217350     
   7.8599999999999989E-002   49.815293189201157     
   7.9199999999999993E-002   49.698435662604595     
   7.9799999999999996E-002   49.581170451603150     
   8.0399999999999999E-002   49.463553554818361     
   8.0999999999999989E-002   49.345639368434007     
   8.1599999999999992E-002   49.227480720646625     
   8.2199999999999995E-002   49.109128905462292     
   8.2799999999999999E-002   48.990633715851139     
   8.3399999999999988E-002   48.872043476271024     
   8.3999999999999991E-002   48.753405074571695     
   8.4599999999999995E-002   48.634763993290044     
   8.5199999999999998E-002   48.516164340347977     
   8.5799999999999987E-002   48.397648879162681     
   8.6399999999999991E-002   48.279259058180557     
   8.6999999999999994E-002   48.161035039844414     
   8.7599999999999997E-002   48.043015729004580     
   8.8199999999999987E-002   47.925238800783490     
   8.8799999999999990E-002   47.807740727903585     
   8.9399999999999993E-002   47.690556807488356     
   8.9999999999999997E-002   47.573721187345576     
   9.0599999999999986E-002   47.457266891742286     
   9.1199999999999989E-002   47.341225846680537     
   9.1799999999999993E-002   47.225628904682893     
   9.2399999999999996E-002   47.110505869096329     
   9.2999999999999985E-002   46.995885517923462     
   9.3599999999999989E-002   46.881795627189305     
   9.4199999999999992E-002   46.768262993852225     
   9.4799999999999995E-002   46.655313458266974     
   9.5399999999999985E-002   46.542971926208132     
   9.5999999999999988E-002   46.431262390461789     
   9.6599999999999991E-002   46.320207951993297     
   9.7199999999999995E-002   46.209830840698636     
   9.7799999999999998E-002   46.100152435747198     
   9.8399999999999987E-002   45.991193285523003     
   9.8999999999999991E-002   45.882973127171994     
   9.9599999999999994E-002   45.775510905762388     
  0.10020000000000000        45.668824793064992     
  0.10079999999999999        45.562932205960678     
  0.10139999999999999        45.457849824481542     
  0.10199999999999999        45.353593609492535     
  0.10260000000000000        45.250178820020132     
  0.10319999999999999        45.147620030234421     
  0.10379999999999999        45.045931146090886     
  0.10439999999999999        44.945125421638373     
  0.10500000000000000        44.845215474998945     
  0.10559999999999999        44.746213304025972     
  0.10619999999999999        44.648130301646198     
  0.10679999999999999        44.550977270891600     
  0.10740000000000000        44.454764439626793     
  0.10799999999999998        44.359501474977421     
  0.10859999999999999        44.265197497465287     
  0.10919999999999999        44.171861094855466     
  0.10979999999999999        44.079500335720617     
  0.11039999999999998        43.988122782728006     
  0.11099999999999999        43.897735505654047     
  0.11159999999999999        43.808345094131681     
  0.11219999999999999        43.719957670135273     
  0.11279999999999998        43.632578900208152     
  0.11339999999999999        43.546214007437349     
  0.11399999999999999        43.460867783180412     
  0.11459999999999999        43.376544598548797     
  0.11520000000000000        43.293248415652336     
  0.11579999999999999        43.210982798609400     
  0.11639999999999999        43.129750924327034     
  0.11699999999999999        43.049555593055146     
  0.11760000000000000        42.970399238719580     
  0.11819999999999999        42.892283939037405     
  0.11879999999999999        42.815211425419172     
  0.11939999999999999        42.739183092661847     
  0.12000000000000000        42.664200008436367     
  0.12059999999999998        42.590262922573643     
  0.12119999999999999        42.517372276153097     
  0.12179999999999999        42.445528210396915     
  0.12239999999999999        42.374730575374294     
  0.12299999999999998        42.304978938518801     
  0.12359999999999999        42.236272592962735     
  0.12419999999999999        42.168610565691587     
  0.12479999999999999        42.101991625522388     
  0.12539999999999998        42.036414290909100     
  0.12600000000000000        41.971876837578272     
  0.12659999999999999        41.908377305998435     
  0.12719999999999998        41.845913508686110     
  0.12780000000000000        41.784483037351826     
  0.12839999999999999        41.724083269889015     
  0.12899999999999998        41.664711377208896     
  0.12959999999999999        41.606364329924247     
  0.13019999999999998        41.549038904885101     
  0.13080000000000000        41.492731691568835     
  0.13139999999999999        41.437439098328113     
  0.13199999999999998        41.383157358498664     
  0.13260000000000000        41.329882536370249     
  0.13319999999999999        41.277610533023065     
  0.13379999999999997        41.226337092032324     
  0.13439999999999999        41.176057805043641     
  0.13499999999999998        41.126768117221523     
  0.13560000000000000        41.078463332573726     
  0.13619999999999999        41.031138619153616     
  0.13679999999999998        40.984789014143146     
  0.13739999999999999        40.939409428818543     
  0.13799999999999998        40.894994653401248     
  0.13860000000000000        40.851539361796235     
  0.13919999999999999        40.809038116219860     
  0.13979999999999998        40.767485371719530     
  0.14040000000000000        40.726875480587353     
  0.14099999999999999        40.687202696669601     
  0.14159999999999998        40.648461179574447     
  0.14219999999999999        40.610644998779620     
  0.14279999999999998        40.573748137642191     
  0.14340000000000000        40.537764497312288     
  0.14399999999999999        40.502687900552921     
  0.14459999999999998        40.468512095467311     
  0.14520000000000000        40.435230759136033     
  0.14579999999999999        40.402837501165628     
  0.14639999999999997        40.371325867150254     
  0.14699999999999999        40.340689342048535     
  0.14759999999999998        40.310921353476836     
  0.14820000000000000        40.282015274921037     
  0.14879999999999999        40.253964428868265     
  0.14939999999999998        40.226762089860237     
  0.14999999999999999        40.200401487469811     
  0.15059999999999998        40.174875809202277     
  0.15119999999999997        40.150178203322980     
  0.15179999999999999        40.126301781612682     
  0.15239999999999998        40.103239622052307     
  0.15300000000000000        40.080984771438210     
  0.15359999999999999        40.059530247929864     
  0.15419999999999998        40.038869043530738     
  0.15479999999999999        40.018994126504424     
  0.15539999999999998        39.999898443726714     
  0.15600000000000000        39.981574922975476     
  0.15659999999999999        39.964016475159220     
  0.15719999999999998        39.947215996485902     
  0.15780000000000000        39.931166370573010     
  0.15839999999999999        39.915860470500341     
  0.15899999999999997        39.901291160806522     
  0.15959999999999999        39.887451299430509     
  0.16019999999999998        39.874333739599194     
  0.16080000000000000        39.861931331662390     
  0.16139999999999999        39.850236924876022     
  0.16199999999999998        39.839243369134948     
  0.16259999999999999        39.828943516656203     
  0.16319999999999998        39.819330223613917     
  0.16379999999999997        39.810396351726801     
  0.16439999999999999        39.802134769799359     
  0.16499999999999998        39.794538355217568     
  0.16560000000000000        39.787599995400328     
  0.16619999999999999        39.781312589207374     
  0.16679999999999998        39.775669048304763     
  0.16739999999999999        39.770662298488659     
  0.16799999999999998        39.766285280968553     
  0.16859999999999997        39.762530953610614     
  0.16919999999999999        39.759392292142188     
  0.16979999999999998        39.756862291318107     
  0.17040000000000000        39.754933966049911     
  0.17099999999999999        39.753600352498445     
  0.17159999999999997        39.752854509131076     
  0.17219999999999999        39.752689517743910     
  0.17279999999999998        39.753098484449971     
  0.17340000000000000        39.754074540634214     
  0.17399999999999999        39.755610843875793     
  0.17459999999999998        39.757700578838659     
  0.17519999999999999        39.760336958130971     
  0.17579999999999998        39.763513223134154     
  0.17639999999999997        39.767222644802153     
  0.17699999999999999        39.771458524431722     
  0.17759999999999998        39.776214194404332     
  0.17820000000000000        39.781483018900296     
  0.17879999999999999        39.787258394585777     
  0.17939999999999998        39.793533751273422     
  0.17999999999999999        39.800302552557021     
  0.18059999999999998        39.807558296421035     
  0.18119999999999997        39.815294515825236     
  0.18179999999999999        39.823504779265505     
  0.18239999999999998        39.832182691310841     
  0.18300000000000000        39.841321893117644     
  0.18359999999999999        39.850916062921307     
  0.18419999999999997        39.860958916506071     
  0.18479999999999999        39.871444207653525     
  0.18539999999999998        39.882365728569958     
  0.18599999999999997        39.893717310293702     
  0.18659999999999999        39.905492823082348     
  0.18719999999999998        39.917686176780649     
  0.18779999999999999        39.930291321169435     
  0.18839999999999998        39.943302246296149     
  0.18899999999999997        39.956712982787330     
  0.18959999999999999        39.970517602143453     
  0.19019999999999998        39.984710217016747     
  0.19079999999999997        39.999284981472222     
  0.19139999999999999        40.014236091232462     
  0.19199999999999998        40.029557783906462     
  0.19259999999999999        40.045244339203073     
  0.19319999999999998        40.061290079129257     
  0.19379999999999997        40.077689368173743     
  0.19439999999999999        40.094436613476262     
  0.19499999999999998        40.111526264982857     
  0.19560000000000000        40.128952815587596     
  0.19619999999999999        40.146710801261108     
  0.19679999999999997        40.164794801166067     
  0.19739999999999999        40.183199437760251     
  0.19799999999999998        40.201919376887346     
  0.19859999999999997        40.220949327855813     
  0.19919999999999999        40.240284043506229     
  0.19979999999999998        40.259918320267296     
  0.20039999999999999        40.279846998200981     
  0.20099999999999998        40.300064961036895     
  0.20159999999999997        40.320567136196360     
  0.20219999999999999        40.341348494806418     
  0.20279999999999998        40.362404051703948     
  0.20339999999999997        40.383728865430371     
  0.20399999999999999        40.405318038217004     
  0.20459999999999998        40.427166715961484     
  0.20519999999999999        40.449270088195469     
  0.20579999999999998        40.471623388043753     
  0.20639999999999997        40.494221892175297     
  0.20699999999999999        40.517060920746147     
  0.20759999999999998        40.540135837334674     
  0.20819999999999997        40.563442048869241     
  0.20879999999999999        40.586975005548595     
  0.20939999999999998        40.610730200755171     
  0.20999999999999999        40.634703170961608     
  0.21059999999999998        40.658889495630497     
  0.21119999999999997        40.683284797107788     
  0.21179999999999999        40.707884740509932     
  0.21239999999999998        40.732685033604959     
  0.21299999999999999        40.757681426687810     
  0.21359999999999998        40.782869712449838     
  0.21419999999999997        40.808245725843101     
  0.21479999999999999        40.833805343939098     
  0.21539999999999998        40.859544485782600     
  0.21599999999999997        40.885459112240461     
  0.21659999999999999        40.911545225845678     
  0.21719999999999998        40.937798870636890     
  0.21779999999999999        40.964216131993311     
  0.21839999999999998        40.990793136465669     
  0.21899999999999997        41.017526051602665     
  0.21959999999999999        41.044411085773788     
  0.22019999999999998        41.071444487988067     
  0.22079999999999997        41.098622547709304     
  0.22139999999999999        41.125941594667708     
  0.22199999999999998        41.153397998668126     
  0.22259999999999999        41.180988169395043     
  0.22319999999999998        41.208708556214447     
  0.22379999999999997        41.236555647972693     
  0.22439999999999999        41.264525972792441     
  0.22499999999999998        41.292616097865945     
  0.22559999999999997        41.320822629245647     
  0.22619999999999998        41.349142211632198     
  0.22679999999999997        41.377571528160232     
  0.22739999999999999        41.406107300181716     
  0.22799999999999998        41.434746287047183     
  0.22859999999999997        41.463485285884857     
  0.22919999999999999        41.492321131377892     
  0.22979999999999998        41.521250695539557     
  0.23039999999999999        41.550270887486910     
  0.23099999999999998        41.579378653212572     
  0.23159999999999997        41.608570975355065     
  0.23219999999999999        41.637844872967570     
  0.23279999999999998        41.667197401285371     
  0.23339999999999997        41.696625651491892     
  0.23399999999999999        41.726126750483637     
  0.23459999999999998        41.755697860633809     
  0.23519999999999999        41.785336179555067     
  0.23579999999999998        41.815038939861175     
  0.23639999999999997        41.844803408927710     
  0.23699999999999999        41.874626888652102     
  0.23759999999999998        41.904506715212733     
  0.23819999999999997        41.934440258827479     
  0.23879999999999998        41.964424923511537     
  0.23939999999999997        41.994458146834802     
  0.23999999999999999        42.024537399678643     
  0.24059999999999998        42.054660185992354     
  0.24119999999999997        42.084824042549215     
  0.24179999999999999        42.115026538702196     
  0.24239999999999998        42.145265276139533     
  0.24299999999999997        42.175537888639994     
  0.24359999999999998        42.205842041828141     
  0.24419999999999997        42.236175432929407     
  0.24479999999999999        42.266535790525197     
  0.24539999999999998        42.296920874308086     
  0.24599999999999997        42.327328474836968     
  0.24659999999999999        42.357756413292428     
  0.24719999999999998        42.388202541232197     
  0.24779999999999996        42.418664740347040     
  0.24839999999999998        42.449140922216593     
  0.24899999999999997        42.479629028065709     
  0.24959999999999999        42.510127028521204     
  0.25019999999999998        42.540632923368797     
  0.25079999999999997        42.571144741310640     
  0.25139999999999996        42.601660539723234     
  0.25200000000000000        42.632178404415882     
  0.25259999999999999        42.662696449389692     
  0.25319999999999998        42.693212816597082     
  0.25379999999999997        42.723725675702035     
  0.25439999999999996        42.754233223840792     
  0.25500000000000000        42.784733685383443     
  0.25559999999999999        42.815225311695983     
  0.25619999999999998        42.845706380903337     
  0.25679999999999997        42.876175197652962     
  0.25739999999999996        42.906630092879340     
  0.25799999999999995        42.937069423569206     
  0.25860000000000000        42.967491572527692     
  0.25919999999999999        42.997894948145323     
  0.25979999999999998        43.028277984165797     
  0.26039999999999996        43.058639139454868     
  0.26099999999999995        43.088976897769982     
  0.26160000000000000        43.119289767530958     
  0.26219999999999999        43.149576281591635     
  0.26279999999999998        43.179834997012527     
  0.26339999999999997        43.210064494834420     
  0.26399999999999996        43.240263379853097     
  0.26460000000000000        43.270430280395104     
  0.26519999999999999        43.300563848094455     
  0.26579999999999998        43.330662757670630     
  0.26639999999999997        43.360725706707477     
  0.26699999999999996        43.390751415433371     
  0.26759999999999995        43.420738626502420     
  0.26819999999999999        43.450686104776821     
  0.26879999999999998        43.480592637110448     
  0.26939999999999997        43.510457032133488     
  0.26999999999999996        43.540278120038366     
  0.27059999999999995        43.570054752366772     
  0.27120000000000000        43.599785801797971     
  0.27179999999999999        43.629470161938279     
  0.27239999999999998        43.659106747111743     
  0.27299999999999996        43.688694492152109     
  0.27359999999999995        43.718232352196019     
  0.27420000000000000        43.747719302477371     
  0.27479999999999999        43.777154338123076     
  0.27539999999999998        43.806536473949933     
  0.27599999999999997        43.835864744262921     
  0.27659999999999996        43.865138202654634     
  0.27720000000000000        43.894355921806053     
  0.27779999999999999        43.923516993288644     
  0.27839999999999998        43.952620527367728     
  0.27899999999999997        43.981665652807038     
  0.27959999999999996        44.010651516674791     
  0.28019999999999995        44.039577284150887     
  0.28079999999999999        44.068442138335421     
  0.28139999999999998        44.097245280058679     
  0.28199999999999997        44.125985927692270     
  0.28259999999999996        44.154663316961653     
  0.28319999999999995        44.183276700759954     
  0.28380000000000000        44.211825348963117     
  0.28439999999999999        44.240308548246411     
  0.28499999999999998        44.268725601902204     
  0.28559999999999997        44.297075829659114     
  0.28619999999999995        44.325358567502420     
  0.28680000000000000        44.353573167495888     
  0.28739999999999999        44.381718997604800     
  0.28799999999999998        44.409795441520508     
  0.28859999999999997        44.437801898486065     
  0.28919999999999996        44.465737783123359     
  0.28980000000000000        44.493602525261508     
  0.29039999999999999        44.521395569766582     
  0.29099999999999998        44.549116376372652     
  0.29159999999999997        44.576764419514134     
  0.29219999999999996        44.604339188159514     
  0.29279999999999995        44.631840185646325     
  0.29339999999999999        44.659266929517401     
  0.29399999999999998        44.686618951358589     
  0.29459999999999997        44.713895796637594     
  0.29519999999999996        44.741097024544281     
  0.29579999999999995        44.768222207832174     
  0.29640000000000000        44.795270932661232     
  0.29699999999999999        44.822242798442112     
  0.29759999999999998        44.849137417681447     
  0.29819999999999997        44.875954415828623     
  0.29879999999999995        44.902693431123730     
  0.29940000000000000        44.929354114446909     
  0.29999999999999999        44.955936129168791     
