   0.00000000       0.00000000    
   5.9999999999999995E-004   1.8400014562793154     
   1.1999999999999999E-003   3.6369639435115615     
   1.8000000000000000E-003   5.3917085496130337     
   2.3999999999999998E-003   7.1050424256777340     
   2.9999999999999996E-003   8.7777590063925004     
   3.5999999999999999E-003   10.410638227121357     
   4.1999999999999997E-003   12.004446737707905     
   4.7999999999999996E-003   13.559938113043831     
   5.3999999999999994E-003   15.077853060450838     
   5.9999999999999993E-003   16.558919623922911     
   6.5999999999999991E-003   18.003853385274727     
   7.1999999999999998E-003   19.413357662241822     
   7.7999999999999996E-003   20.788123703577078     
   8.3999999999999995E-003   22.128830881187771     
   8.9999999999999993E-003   23.436146879356553     
   9.5999999999999992E-003   24.710727881089230     
   1.0199999999999999E-002   25.953218751631624     
   1.0799999999999999E-002   27.164253219197050     
   1.1399999999999999E-002   28.344454052945498     
   1.1999999999999999E-002   29.494433238254953     
   1.2599999999999998E-002   30.614792149324639     
   1.3199999999999998E-002   31.706121719149650     
   1.3799999999999998E-002   32.769002606905325     
   1.4400000000000000E-002   33.804005362780060     
   1.4999999999999999E-002   34.811690590293587     
   1.5599999999999999E-002   35.792609106138329     
   1.6199999999999999E-002   36.747302097579869     
   1.6799999999999999E-002   37.676301277452993     
   1.7399999999999999E-002   38.580129036788470     
   1.7999999999999999E-002   39.459298595105714     
   1.8599999999999998E-002   40.314314148405842     
   1.9199999999999998E-002   41.145671014898859     
   1.9799999999999998E-002   41.953855778498827     
   2.0399999999999998E-002   42.739346430119760     
   2.0999999999999998E-002   43.502612506804752     
   2.1599999999999998E-002   44.244115228720709     
   2.2199999999999998E-002   44.964307634049895     
   2.2799999999999997E-002   45.663634711809785     
   2.3399999999999997E-002   46.342533532631499     
   2.3999999999999997E-002   47.001433377527654     
   2.4599999999999997E-002   47.640755864678823     
   2.5199999999999997E-002   48.260915074268461     
   2.5799999999999997E-002   48.862317671395047     
   2.6399999999999996E-002   49.445363027089854     
   2.6999999999999996E-002   50.010443337468850     
   2.7599999999999996E-002   50.557943741046074     
   2.8199999999999996E-002   51.088242434236065     
   2.8799999999999999E-002   51.601710785072001     
   2.9399999999999999E-002   52.098713445166432     
   2.9999999999999999E-002   52.579608459940452     
   3.0599999999999999E-002   53.044747377147218     
   3.1199999999999999E-002   53.494475353715217     
   3.1799999999999995E-002   53.929131260936224     
   3.2399999999999998E-002   54.349047788022737     
   3.2999999999999995E-002   54.754551544059119     
   3.3599999999999998E-002   55.145963158370371     
   3.4199999999999994E-002   55.523597379332273     
   3.4799999999999998E-002   55.887763171646043     
   3.5399999999999994E-002   56.238763812100402     
   3.5999999999999997E-002   56.576896983843945     
   3.6599999999999994E-002   56.902454869189434     
   3.7199999999999997E-002   57.215724240972946     
   3.7799999999999993E-002   57.516986552488277     
   3.8399999999999997E-002   57.806518026019170     
   3.9000000000000000E-002   58.084589739989369     
   3.9599999999999996E-002   58.351467714751678     
   4.0200000000000000E-002   58.607412997036384     
   4.0799999999999996E-002   58.852681743079039     
   4.1399999999999999E-002   59.087525300447361     
   4.1999999999999996E-002   59.312190288587011     
   4.2599999999999999E-002   59.526918678105211     
   4.3199999999999995E-002   59.731947868811119     
   4.3799999999999999E-002   59.927510766532173     
   4.4399999999999995E-002   60.113835858723903     
   4.4999999999999998E-002   60.291147288892198     
   4.5599999999999995E-002   60.459664929845395     
   4.6199999999999998E-002   60.619604455794054     
   4.6799999999999994E-002   60.771177413315371     
   4.7399999999999998E-002   60.914591291200026     
   4.7999999999999994E-002   61.050049589197549     
   4.8599999999999997E-002   61.177751885677274     
   4.9199999999999994E-002   61.297893904221247     
   4.9799999999999997E-002   61.410667579164809     
   5.0399999999999993E-002   61.516261120101198     
   5.0999999999999997E-002   61.614859075365565     
   5.1599999999999993E-002   61.706642394513892     
   5.2199999999999996E-002   61.791788489812006     
   5.2799999999999993E-002   61.870471296749592     
   5.3399999999999996E-002   61.942861333594053     
   5.3999999999999992E-002   62.009125759998788     
   5.4599999999999996E-002   62.069428434680070     
   5.5199999999999992E-002   62.123929972176640     
   5.5799999999999995E-002   62.172787798706196     
   5.6399999999999992E-002   62.216156207131966     
   5.6999999999999995E-002   62.254186411053617     
   5.7599999999999998E-002   62.287026598034814     
   5.8199999999999995E-002   62.314821981981581     
   5.8799999999999998E-002   62.337714854683483     
   5.9399999999999994E-002   62.355844636531060     
   5.9999999999999998E-002   62.369347926421504     
   6.0599999999999994E-002   62.378358550865350     
   6.1199999999999997E-002   62.383007612305938     
   6.1799999999999994E-002   62.383423536664132     
   6.2399999999999997E-002   62.379732120119577     
   6.3000000000000000E-002   62.372056575140689     
   6.3599999999999990E-002   62.360517575774239     
   6.4199999999999993E-002   62.345233302206431     
   6.4799999999999996E-002   62.326319484606152     
   6.5400000000000000E-002   62.303889446261600     
   6.5999999999999989E-002   62.278054146021006     
   6.6599999999999993E-002   62.248922220048172     
   6.7199999999999996E-002   62.216600022903243     
   6.7799999999999999E-002   62.181191667959034     
   6.8399999999999989E-002   62.142799067163168     
   6.8999999999999992E-002   62.101521970156050     
   6.9599999999999995E-002   62.057458002754480     
   7.0199999999999999E-002   62.010702704810662     
   7.0799999999999988E-002   61.961349567456381     
   7.1399999999999991E-002   61.909490069741445     
   7.1999999999999995E-002   61.855213714676076     
   7.2599999999999998E-002   61.798608064686142     
   7.3199999999999987E-002   61.739758776490426     
   7.3799999999999991E-002   61.678749635408842     
   7.4399999999999994E-002   61.615662589110123     
   7.4999999999999997E-002   61.550577780808048     
   7.5599999999999987E-002   61.483573581914357     
   7.6199999999999990E-002   61.414726624156778     
   7.6799999999999993E-002   61.344111831170707     
   7.7399999999999997E-002   61.271802449572355     
   7.8000000000000000E-002   61.197870079521586     
   7.8599999999999989E-002   61.122384704782078     
   7.9199999999999993E-002   61.045414722286999     
   7.9799999999999996E-002   60.967026971217607     
   8.0399999999999999E-002   60.887286761602226     
   8.0999999999999989E-002   60.806257902443186     
   8.1599999999999992E-002   60.724002729379151     
   8.2199999999999995E-002   60.640582131889794     
   8.2799999999999999E-002   60.556055580050256     
   8.3399999999999988E-002   60.470481150841820     
   8.3999999999999991E-002   60.383915554026593     
   8.4599999999999995E-002   60.296414157592025     
   8.5199999999999998E-002   60.208031012772736     
   8.5799999999999987E-002   60.118818878655610     
   8.6399999999999991E-002   60.028829246375317     
   8.6999999999999994E-002   59.938112362906082     
   8.7599999999999997E-002   59.846717254456181     
   8.8199999999999987E-002   59.754691749471561     
   8.8799999999999990E-002   59.662082501254545     
   8.9399999999999993E-002   59.568935010203532     
   8.9999999999999997E-002   59.475293645679898     
   9.0599999999999986E-002   59.381201667507661     
   9.1199999999999989E-002   59.286701247111900     
   9.1799999999999993E-002   59.191833488301434     
   9.2399999999999996E-002   59.096638447701437     
   9.2999999999999985E-002   59.001155154841413     
   9.3599999999999989E-002   58.905421631904019     
   9.4199999999999992E-002   58.809474913140136     
   9.4799999999999995E-002   58.713351063955145     
   9.5399999999999985E-002   58.617085199672054     
   9.5999999999999988E-002   58.520711503976052     
   9.6599999999999991E-002   58.424263247045950     
   9.7199999999999995E-002   58.327772803377286     
   9.7799999999999998E-002   58.231271669301854     
   9.8399999999999987E-002   58.134790480208601     
   9.8999999999999991E-002   58.038359027470598     
   9.9599999999999994E-002   57.942006275082768     
  0.10020000000000000        57.845760376014731     
  0.10079999999999999        57.749648688283663     
  0.10139999999999999        57.653697790751238     
  0.10199999999999999        57.557933498649376     
  0.10260000000000000        57.462380878838694     
  0.10319999999999999        57.367064264804391     
  0.10379999999999999        57.272007271393356     
  0.10439999999999999        57.177232809296754     
  0.10500000000000000        57.082763099282339     
  0.10559999999999999        56.988619686180087     
  0.10619999999999999        56.894823452625452     
  0.10679999999999999        56.801394632563905     
  0.10740000000000000        56.708352824520695     
  0.10799999999999998        56.615717004639492     
  0.10859999999999999        56.523505539493705     
  0.10919999999999999        56.431736198674031     
  0.10979999999999999        56.340426167155833     
  0.11039999999999998        56.249592057450073     
  0.11099999999999999        56.159249921540855     
  0.11159999999999999        56.069415262613575     
  0.11219999999999999        55.980103046576474     
  0.11279999999999998        55.891327713379418     
  0.11339999999999999        55.803103188132759     
  0.11399999999999999        55.715442892029834     
  0.11459999999999999        55.628359753076040     
  0.11520000000000000        55.541866216627817     
  0.11579999999999999        55.455974255744309     
  0.11639999999999999        55.370695381355176     
  0.11699999999999999        55.286040652247024     
  0.11760000000000000        55.202020684871897     
  0.11819999999999999        55.118645662980278     
  0.11879999999999999        55.035925347081829     
  0.11939999999999999        54.953869083736350     
  0.12000000000000000        54.872485814677937     
  0.12059999999999998        54.791784085774999     
  0.12119999999999999        54.711772055828760     
  0.12179999999999999        54.632457505212841     
  0.12239999999999999        54.553847844356859     
  0.12299999999999998        54.475950122075972     
  0.12359999999999999        54.398771033749519     
  0.12419999999999999        54.322316929350883     
  0.12479999999999999        54.246593821330983     
  0.12539999999999998        54.171607392358091     
  0.12600000000000000        54.097363002915998     
  0.12659999999999999        54.023865698763103     
  0.12719999999999998        53.951120218254545     
  0.12780000000000000        53.879130999529771     
  0.12839999999999999        53.807902187567677     
  0.12899999999999998        53.737437641111519     
  0.12959999999999999        53.667740939465816     
  0.13019999999999998        53.598815389167164     
  0.13080000000000000        53.530664030531383     
  0.13139999999999999        53.463289644078735     
  0.13199999999999998        53.396694756839317     
  0.13260000000000000        53.330881648540810     
  0.13319999999999999        53.265852357680231     
  0.13379999999999997        53.201608687481901     
  0.13439999999999999        53.138152211743332     
  0.13499999999999998        53.075484280570933     
  0.13560000000000000        53.013606026007565     
  0.13619999999999999        52.952518367553445     
  0.13679999999999998        52.892222017582448     
  0.13739999999999999        52.832717486655397     
  0.13799999999999998        52.774005088732117     
  0.13860000000000000        52.716084946284070     
  0.13919999999999999        52.658956995309040     
  0.13979999999999998        52.602620990249505     
  0.14040000000000000        52.547076508816765     
  0.14099999999999999        52.492322956721715     
  0.14159999999999998        52.438359572314418     
  0.14219999999999999        52.385185431133756     
  0.14279999999999998        52.332799450368697     
  0.14340000000000000        52.281200393232716     
  0.14399999999999999        52.230386873252968     
  0.14459999999999998        52.180357358475284     
  0.14520000000000000        52.131110175586912     
  0.14579999999999999        52.082643513958040     
  0.14639999999999997        52.034955429603635     
  0.14699999999999999        51.988043849066933     
  0.14759999999999998        51.941906573225971     
  0.14820000000000000        51.896541281024319     
  0.14879999999999999        51.851945533127484     
  0.14939999999999998        51.808116775506328     
  0.14999999999999999        51.765052342948323     
  0.15059999999999998        51.722749462498527     
  0.15119999999999997        51.681205256830907     
  0.15179999999999999        51.640416747551548     
  0.15239999999999998        51.600380858434910     
  0.15300000000000000        51.561094418594038     
  0.15359999999999999        51.522554165586264     
  0.15419999999999998        51.484756748455077     
  0.15479999999999999        51.447698730709760     
  0.15539999999999998        51.411376593243340     
  0.15600000000000000        51.375786737190410     
  0.15659999999999999        51.340925486725595     
  0.15719999999999998        51.306789091803729     
  0.15780000000000000        51.273373730842835     
  0.15839999999999999        51.240675513350951     
  0.15899999999999997        51.208690482497580     
  0.15959999999999999        51.177414617631001     
  0.16019999999999998        51.146843836742093     
  0.16080000000000000        51.116973998876091     
  0.16139999999999999        51.087800906492539     
  0.16199999999999998        51.059320307774961     
  0.16259999999999999        51.031527898890786     
  0.16319999999999998        51.004419326202566     
  0.16379999999999997        50.977990188431150     
  0.16439999999999999        50.952236038772142     
  0.16499999999999998        50.927152386965801     
  0.16560000000000000        50.902734701321677     
  0.16619999999999999        50.878978410698849     
  0.16679999999999998        50.855878906442271     
  0.16739999999999999        50.833431544276010     
  0.16799999999999998        50.811631646154488     
  0.16859999999999997        50.790474502072200     
  0.16919999999999999        50.769955371832722     
  0.16979999999999998        50.750069486777740     
  0.17040000000000000        50.730812051476903     
  0.17099999999999999        50.712178245379043     
  0.17159999999999997        50.694163224425687     
  0.17219999999999999        50.676762122627395     
  0.17279999999999998        50.659970053603537     
  0.17340000000000000        50.643782112086484     
  0.17399999999999999        50.628193375390389     
  0.17459999999999998        50.613198904845753     
  0.17519999999999999        50.598793747199913     
  0.17579999999999998        50.584972935984439     
  0.17639999999999997        50.571731492849786     
  0.17699999999999999        50.559064428868041     
  0.17759999999999998        50.546966745804149     
  0.17820000000000000        50.535433437356389     
  0.17879999999999999        50.524459490366489     
  0.17939999999999998        50.514039886000091     
  0.17999999999999999        50.504169600898017     
  0.18059999999999998        50.494843608299050     
  0.18119999999999997        50.486056879134438     
  0.18179999999999999        50.477804383095105     
  0.18239999999999998        50.470081089671631     
  0.18300000000000000        50.462881969167810     
  0.18359999999999999        50.456201993688218     
  0.18419999999999997        50.450036138100245     
  0.18479999999999999        50.444379380971128     
  0.18539999999999998        50.439226705480216     
  0.18599999999999997        50.434573100307560     
  0.18659999999999999        50.430413560498486     
  0.18719999999999998        50.426743088305201     
  0.18779999999999999        50.423556694005633     
  0.18839999999999998        50.420849396699928     
  0.18899999999999997        50.418616225085223     
  0.18959999999999999        50.416852218208831     
  0.19019999999999998        50.415552426200485     
  0.19079999999999997        50.414711910983996     
  0.19139999999999999        50.414325746968636     
  0.19199999999999998        50.414389021720815     
  0.19259999999999999        50.414896836616194     
  0.19319999999999998        50.415844307472874     
  0.19379999999999997        50.417226565165926     
  0.19439999999999999        50.419038756223514     
  0.19499999999999998        50.421276043405186     
  0.19560000000000000        50.423933606262565     
  0.19619999999999999        50.427006641682823     
  0.19679999999999997        50.430490364415270     
  0.19739999999999999        50.434380007581325     
  0.19799999999999998        50.438670823168472     
  0.19859999999999997        50.443358082508148     
  0.19919999999999999        50.448437076738060     
  0.19979999999999998        50.453903117249517     
  0.20039999999999999        50.459751536119505     
  0.20099999999999998        50.465977686528305     
  0.20159999999999997        50.472576943162807     
  0.20219999999999999        50.479544702605679     
  0.20279999999999998        50.486876383710879     
  0.20339999999999997        50.494567427965698     
  0.20399999999999999        50.502613299839581     
  0.20459999999999998        50.511009487120042     
  0.20519999999999999        50.519751501236023     
  0.20579999999999998        50.528834877568812     
  0.20639999999999997        50.538255175750834     
  0.20699999999999999        50.548007979952672     
  0.20759999999999998        50.558088899158378     
  0.20819999999999997        50.568493567429520     
  0.20879999999999999        50.579217644158092     
  0.20939999999999998        50.590256814308475     
  0.20999999999999999        50.601606788648908     
  0.21059999999999998        50.613263303972360     
  0.21119999999999997        50.625222123307417     
  0.21179999999999999        50.637479036119011     
  0.21239999999999998        50.650029858499551     
  0.21299999999999999        50.662870433350463     
  0.21359999999999998        50.675996630554373     
  0.21419999999999997        50.689404347138307     
  0.21479999999999999        50.703089507427784     
  0.21539999999999998        50.717048063192344     
  0.21599999999999997        50.731275993782567     
  0.21659999999999999        50.745769306258588     
  0.21719999999999998        50.760524035510734     
  0.21779999999999999        50.775536244371978     
  0.21839999999999998        50.790802023722783     
  0.21899999999999997        50.806317492588271     
  0.21959999999999999        50.822078798227977     
  0.22019999999999998        50.838082116218409     
  0.22079999999999997        50.854323650528450     
  0.22139999999999999        50.870799633588000     
  0.22199999999999998        50.887506326349637     
  0.22259999999999999        50.904440018343934     
  0.22319999999999998        50.921597027728168     
  0.22379999999999997        50.938973701328919     
  0.22439999999999999        50.956566414678278     
  0.22499999999999998        50.974371572044411     
  0.22559999999999997        50.992385606456054     
  0.22619999999999998        51.010604979721336     
  0.22679999999999997        51.029026182441235     
  0.22739999999999999        51.047645734017372     
  0.22799999999999998        51.066460182654723     
  0.22859999999999997        51.085466105359096     
  0.22919999999999999        51.104660107929611     
  0.22979999999999998        51.124038824946297     
  0.23039999999999999        51.143598919752961     
  0.23099999999999998        51.163337084435277     
  0.23159999999999997        51.183250039794650     
  0.23219999999999999        51.203334535317282     
  0.23279999999999998        51.223587349139365     
  0.23339999999999997        51.244005288007791     
  0.23399999999999999        51.264585187236932     
  0.23459999999999998        51.285323910661475     
  0.23519999999999999        51.306218350585382     
  0.23579999999999998        51.327265427727212     
  0.23639999999999997        51.348462091161551     
  0.23699999999999999        51.369805318257306     
  0.23759999999999998        51.391292114612149     
  0.23819999999999997        51.412919513983951     
  0.23879999999999998        51.434684578218793     
  0.23939999999999997        51.456584397175881     
  0.23999999999999999        51.478616088649446     
  0.24059999999999998        51.500776798287582     
  0.24119999999999997        51.523063699508320     
  0.24179999999999999        51.545473993412870     
  0.24239999999999998        51.568004908696054     
  0.24299999999999997        51.590653701554309     
  0.24359999999999998        51.613417655591000     
  0.24419999999999997        51.636294081719299     
  0.24479999999999999        51.659280318062748     
  0.24539999999999998        51.682373729853438     
  0.24599999999999997        51.705571709327963     
  0.24659999999999999        51.728871675621299     
  0.24719999999999998        51.752271074658424     
  0.24779999999999996        51.775767379044183     
  0.24839999999999998        51.799358087950921     
  0.24899999999999997        51.823040727004440     
  0.24959999999999999        51.846812848168014     
  0.25019999999999998        51.870672029624799     
  0.25079999999999997        51.894615875658438     
  0.25139999999999996        51.918642016532011     
  0.25200000000000000        51.942748108365620     
  0.25259999999999999        51.966931833012211     
  0.25319999999999998        51.991190897932228     
  0.25379999999999997        52.015523036066625     
  0.25439999999999996        52.039926005708708     
  0.25500000000000000        52.064397590374682     
  0.25559999999999999        52.088935598672890     
  0.25619999999999998        52.113537864172024     
  0.25679999999999997        52.138202245268069     
  0.25739999999999996        52.162926625050339     
  0.25799999999999995        52.187708911166276     
  0.25860000000000000        52.212547035685532     
  0.25919999999999999        52.237438954963004     
  0.25979999999999998        52.262382649500864     
  0.26039999999999996        52.287376123810077     
  0.26099999999999995        52.312417406270782     
  0.26160000000000000        52.337504548992186     
  0.26219999999999999        52.362635627671665     
  0.26279999999999998        52.387808741453128     
  0.26339999999999997        52.413022012784893     
  0.26399999999999996        52.438273587276896     
  0.26460000000000000        52.463561633557433     
  0.26519999999999999        52.488884343129243     
  0.26579999999999998        52.514239930225330     
  0.26639999999999997        52.539626631664206     
  0.26699999999999996        52.565042706704745     
  0.26759999999999995        52.590486436900797     
  0.26819999999999999        52.615956125955293     
  0.26879999999999998        52.641450099574215     
  0.26939999999999997        52.666966705320149     
  0.26999999999999996        52.692504312465772     
  0.27059999999999995        52.718061311846974     
  0.27120000000000000        52.743636115715944     
  0.27179999999999999        52.769227157594017     
  0.27239999999999998        52.794832892124411     
  0.27299999999999996        52.820451794924921     
  0.27359999999999995        52.846082362440576     
  0.27420000000000000        52.871723111796136     
  0.27479999999999999        52.897372580648700     
  0.27539999999999998        52.923029327040240     
  0.27599999999999997        52.948691929250302     
  0.27659999999999996        52.974358985648614     
  0.27720000000000000        53.000029114547885     
  0.27779999999999999        53.025700954056681     
  0.27839999999999998        53.051373161932382     
  0.27899999999999997        53.077044415434450     
  0.27959999999999996        53.102713411177646     
  0.28019999999999995        53.128378864985628     
  0.28079999999999999        53.154039511744621     
  0.28139999999999998        53.179694105257461     
  0.28199999999999997        53.205341418097746     
  0.28259999999999996        53.230980241464430     
  0.28319999999999995        53.256609385036427     
  0.28380000000000000        53.282227676827858     
  0.28439999999999999        53.307833963043343     
  0.28499999999999998        53.333427107933822     
  0.28559999999999997        53.359005993652531     
  0.28619999999999995        53.384569520111569     
  0.28680000000000000        53.410116604838706     
  0.28739999999999999        53.435646182834546     
  0.28799999999999998        53.461157206430293     
  0.28859999999999997        53.486648645145735     
  0.28919999999999996        53.512119485547828     
  0.28980000000000000        53.537568731109566     
  0.29039999999999999        53.562995402069483     
  0.29099999999999998        53.588398535291539     
  0.29159999999999997        53.613777184125475     
  0.29219999999999996        53.639130418267740     
  0.29279999999999995        53.664457323622912     
  0.29339999999999999        53.689757002165493     
  0.29399999999999998        53.715028571802492     
  0.29459999999999997        53.740271166236333     
  0.29519999999999996        53.765483934828445     
  0.29579999999999995        53.790666042463300     
  0.29640000000000000        53.815816669413131     
  0.29699999999999999        53.840935011203108     
  0.29759999999999998        53.866020278477208     
  0.29819999999999997        53.891071696864650     
  0.29879999999999995        53.916088506846862     
  0.29940000000000000        53.941069963625146     
  0.29999999999999999        53.966015336988846     
