   0.00000000       0.00000000    
   5.9999999999999995E-004   1.8416392137278801     
   1.1999999999999999E-003   3.6434397154590883     
   1.8000000000000000E-003   5.4061117195854784     
   2.3999999999999998E-003   7.1303541449679511     
   2.9999999999999996E-003   8.8168547823684342     
   3.5999999999999999E-003   10.466290459511427     
   4.1999999999999997E-003   12.079327203807683     
   4.7999999999999996E-003   13.656620402772063     
   5.3999999999999994E-003   15.198814962167152     
   5.9999999999999993E-003   16.706545461903978     
   6.5999999999999991E-003   18.180436309730524     
   7.1999999999999998E-003   19.621101892738430     
   7.7999999999999996E-003   21.029146726718018     
   8.3999999999999995E-003   22.405165603390945     
   8.9999999999999993E-003   23.749743735549966     
   9.5999999999999992E-003   25.063456900134394     
   1.0199999999999999E-002   26.346871579269717     
   1.0799999999999999E-002   27.600545099299467     
   1.1399999999999999E-002   28.825025767836863     
   1.1999999999999999E-002   30.020853008863636     
   1.2599999999999998E-002   31.188557495902806     
   1.3199999999999998E-002   32.328661283292142     
   1.3799999999999998E-002   33.441677935584302     
   1.4400000000000000E-002   34.528112655099548     
   1.4999999999999999E-002   35.588462407656699     
   1.5599999999999999E-002   36.623216046507160     
   1.6199999999999999E-002   37.632854434497141     
   1.6799999999999999E-002   38.617850564482310     
   1.7399999999999999E-002   39.578669678019111     
   1.7999999999999999E-002   40.515769382356673     
   1.8599999999999998E-002   41.429599765752599     
   1.9199999999999998E-002   42.320603511135985     
   1.9799999999999998E-002   43.189216008140413     
   2.0399999999999998E-002   44.035865463529632     
   2.0999999999999998E-002   44.860973010038059     
   2.1599999999999998E-002   45.664952813647993     
   2.2199999999999998E-002   46.448212179325452     
   2.2799999999999997E-002   47.211151655235753     
   2.3399999999999997E-002   47.954165135459981     
   2.3999999999999997E-002   48.677639961233297     
   2.4599999999999997E-002   49.381957020725224     
   2.5199999999999997E-002   50.067490847382622     
   2.5799999999999997E-002   50.734609716854983     
   2.6399999999999996E-002   51.383675742521746     
   2.6999999999999996E-002   52.015044969641231     
   2.7599999999999996E-002   52.629067468140356     
   2.8199999999999996E-002   53.226087424063607     
   2.8799999999999999E-002   53.806443229700641     
   2.9399999999999999E-002   54.370467572410277     
   2.9999999999999999E-002   54.918487522159324     
   3.0599999999999999E-002   55.450824617794041     
   3.1199999999999999E-002   55.967794952062022     
   3.1799999999999995E-002   56.469709255401675     
   3.2399999999999998E-002   56.956872978516813     
   3.2999999999999995E-002   57.429586373752912     
   3.3599999999999998E-002   57.888144575292074     
   3.4199999999999994E-002   58.332837678183076     
   3.4799999999999998E-002   58.763950816222703     
   3.5399999999999994E-002   59.181764238704467     
   3.5999999999999997E-002   59.586553386050603     
   3.6599999999999994E-002   59.978588964342826     
   3.7199999999999997E-002   60.358137018767373     
   3.7799999999999993E-002   60.725459005989372     
   3.8399999999999997E-002   61.080811865471702     
   3.9000000000000000E-002   61.424448089753028     
   3.9599999999999996E-002   61.756615793699460     
   4.0200000000000000E-002   62.077558782744575     
   4.0799999999999996E-002   62.387516620131557     
   4.1399999999999999E-002   62.686724693171797     
   4.1999999999999996E-002   62.975414278533435     
   4.2599999999999999E-002   63.253812606573867     
   4.3199999999999995E-002   63.522142924729202     
   4.3799999999999999E-002   63.780624559974221     
   4.4399999999999995E-002   64.029472980365782     
   4.4999999999999998E-002   64.268899855682491     
   4.5599999999999995E-002   64.499113117173579     
   4.6199999999999998E-002   64.720317016429192     
   4.6799999999999994E-002   64.932712183384851     
   4.7399999999999998E-002   65.136495683471850     
   4.7999999999999994E-002   65.331861073925936     
   4.8599999999999997E-002   65.518998459265987     
   4.9199999999999994E-002   65.698094545954604     
   4.9799999999999997E-002   65.869332696251732     
   5.0399999999999993E-002   66.032892981273065     
   5.0999999999999997E-002   66.188952233264445     
   5.1599999999999993E-002   66.337684097103150     
   5.2199999999999996E-002   66.479259081036972     
   5.2799999999999993E-002   66.613844606672188     
   5.3399999999999996E-002   66.741605058220713     
   5.3999999999999992E-002   66.862701831016977     
   5.4599999999999996E-002   66.977293379315043     
   5.5199999999999992E-002   67.085535263375860     
   5.5799999999999995E-002   67.187580195855091     
   5.6399999999999992E-002   67.283578087501070     
   5.6999999999999995E-002   67.373676092172900     
   5.7599999999999998E-002   67.458018651188084     
   5.8199999999999995E-002   67.536747537009745     
   5.8799999999999998E-002   67.610001896281972     
   5.9399999999999994E-002   67.677918292223438     
   5.9999999999999998E-002   67.740630746387836     
   6.0599999999999994E-002   67.798270779800163     
   6.1199999999999997E-002   67.850967453478120     
   6.1799999999999994E-002   67.898847408347024     
   6.2399999999999997E-002   67.942034904556905     
   6.3000000000000000E-002   67.980651860210443     
   6.3599999999999990E-002   68.014817889510113     
   6.4199999999999993E-002   68.044650340332723     
   6.4799999999999996E-002   68.070264331239528     
   6.5400000000000000E-002   68.091772787930097     
   6.5999999999999989E-002   68.109286479147855     
   6.6599999999999993E-002   68.122914052044905     
   6.7199999999999996E-002   68.132762067014156     
   6.7799999999999999E-002   68.138935031996269     
   6.8399999999999989E-002   68.141535436268825     
   6.8999999999999992E-002   68.140663783725358     
   6.9599999999999995E-002   68.136418625651260     
   7.0199999999999999E-002   68.128896593004072     
   7.0799999999999988E-002   68.118192428205091     
   7.1399999999999991E-002   68.104399016449278     
   7.1999999999999995E-002   68.087607416540564     
   7.2599999999999998E-002   68.067906891259085     
   7.3199999999999987E-002   68.045384937267386     
   7.3799999999999991E-002   68.020127314562032     
   7.4399999999999994E-002   67.992218075477112     
   7.4999999999999997E-002   67.961739593246335     
   7.5599999999999987E-002   67.928772590129668     
   7.6199999999999990E-002   67.893396165111326     
   7.6799999999999993E-002   67.855687821174826     
   7.7399999999999997E-002   67.815723492161311     
   7.8000000000000000E-002   67.773577569217423     
   7.8599999999999989E-002   67.729322926838307     
   7.9199999999999993E-002   67.683030948511714     
   7.9799999999999996E-002   67.634771551969109     
   8.0399999999999999E-002   67.584613214049241     
   8.0999999999999989E-002   67.532622995179977     
   8.1599999999999992E-002   67.478866563483692     
   8.2199999999999995E-002   67.423408218511995     
   8.2799999999999999E-002   67.366310914614814     
   8.3399999999999988E-002   67.307636283949435     
   8.3999999999999991E-002   67.247444659134501     
   8.4599999999999995E-002   67.185795095554226     
   8.5199999999999998E-002   67.122745393317942     
   8.5799999999999987E-002   67.058352118879881     
   8.6399999999999991E-002   66.992670626324227     
   8.6999999999999994E-002   66.925755078320222     
   8.7599999999999997E-002   66.857658466752255     
   8.8199999999999987E-002   66.788432633029487     
   8.8799999999999990E-002   66.718128288079910     
   8.9399999999999993E-002   66.646795032033125     
   8.9999999999999997E-002   66.574481373596868     
   9.0599999999999986E-002   66.501234749131171     
   9.1199999999999989E-002   66.427101541424989     
   9.1799999999999993E-002   66.352127098179608     
   9.2399999999999996E-002   66.276355750202811     
   9.2999999999999985E-002   66.199830829318543     
   9.3599999999999989E-002   66.122594685995651     
   9.4199999999999992E-002   66.044688706700398     
   9.4799999999999995E-002   65.966153330976368     
   9.5399999999999985E-002   65.887028068255887     
   9.5999999999999988E-002   65.807351514407145     
   9.6599999999999991E-002   65.727161368020433     
   9.7199999999999995E-002   65.646494446437757     
   9.7799999999999998E-002   65.565386701529377     
   9.8399999999999987E-002   65.483873235221054     
   9.8999999999999991E-002   65.401988314775679     
   9.9599999999999994E-002   65.319765387832959     
  0.10020000000000000        65.237237097210567     
  0.10079999999999999        65.154435295470421     
  0.10139999999999999        65.071391059253614     
  0.10199999999999999        64.988134703387161     
  0.10260000000000000        64.904695794766226     
  0.10319999999999999        64.821103166014908     
  0.10379999999999999        64.737384928929089     
  0.10439999999999999        64.653568487704447     
  0.10500000000000000        64.569680551952686     
  0.10559999999999999        64.485747149509479     
  0.10619999999999999        64.401793639036896     
  0.10679999999999999        64.317844722423501     
  0.10740000000000000        64.233924456985136     
  0.10799999999999998        64.150056267469296     
  0.10859999999999999        64.066262957866059     
  0.10919999999999999        63.982566723028526     
  0.10979999999999999        63.898989160105394     
  0.11039999999999998        63.815551279788792     
  0.11099999999999999        63.732273517379738     
  0.11159999999999999        63.649175743674348     
  0.11219999999999999        63.566277275673180     
  0.11279999999999998        63.483596887116491     
  0.11339999999999999        63.401152818847955     
  0.11399999999999999        63.318962789009596     
  0.11459999999999999        63.237044003070103     
  0.11520000000000000        63.155413163689396     
  0.11579999999999999        63.074086480421620     
  0.11639999999999999        62.993079679259374     
  0.11699999999999999        62.912408012020997     
  0.11760000000000000        62.832086265583790     
  0.11819999999999999        62.752128770965328     
  0.11879999999999999        62.672549412254909     
  0.11939999999999999        62.593361635397898     
  0.12000000000000000        62.514578456834599     
  0.12059999999999998        62.436212471996519     
  0.12119999999999999        62.358275863661426     
  0.12179999999999999        62.280780410170067     
  0.12239999999999999        62.203737493506125     
  0.12299999999999998        62.127158107241691     
  0.12359999999999999        62.051052864350396     
  0.12419999999999999        61.975432004889861     
  0.12479999999999999        61.900305403555961     
  0.12539999999999998        61.825682577110364     
  0.12600000000000000        61.751572691683506     
  0.12659999999999999        61.677984569955079     
  0.12719999999999998        61.604926698213340     
  0.12780000000000000        61.532407233295856     
  0.12839999999999999        61.460434009412786     
  0.12899999999999998        61.389014544854874     
  0.12959999999999999        61.318156048588001     
  0.13019999999999998        61.247865426735672     
  0.13080000000000000        61.178149288951474     
  0.13139999999999999        61.109013954683050     
  0.13199999999999998        61.040465459329305     
  0.13260000000000000        60.972509560292409     
  0.13319999999999999        60.905151742926435     
  0.13379999999999997        60.838397226383819     
  0.13439999999999999        60.772250969361679     
  0.13499999999999998        60.706717675749182     
  0.13560000000000000        60.641801800177738     
  0.13619999999999999        60.577507553475321     
  0.13679999999999998        60.513838908026493     
  0.13739999999999999        60.450799603039698     
  0.13799999999999998        60.388393149723001     
  0.13860000000000000        60.326622836369971     
  0.13919999999999999        60.265491733356953     
  0.13979999999999998        60.205002698052986     
  0.14040000000000000        60.145158379644208     
  0.14099999999999999        60.085961223873340     
  0.14159999999999998        60.027413477696356     
  0.14219999999999999        59.969517193856923     
  0.14279999999999998        59.912274235380515     
  0.14340000000000000        59.855686279988944     
  0.14399999999999999        59.799754824436995     
  0.14459999999999998        59.744481188771921     
  0.14520000000000000        59.689866520517533     
  0.14579999999999999        59.635911798783553     
  0.14639999999999997        59.582617838301793     
  0.14699999999999999        59.529985293390190     
  0.14759999999999998        59.478014661845698     
  0.14820000000000000        59.426706288767278     
  0.14879999999999999        59.376060370310242     
  0.14939999999999998        59.326076957372756     
  0.14999999999999999        59.276755959215585     
  0.15059999999999998        59.228097147016548     
  0.15119999999999997        59.180100157360151     
  0.15179999999999999        59.132764495663835     
  0.15239999999999998        59.086089539541696     
  0.15300000000000000        59.040074542106623     
  0.15359999999999999        58.994718635211974     
  0.15419999999999998        58.950020832633633     
  0.15479999999999999        58.905980033193494     
  0.15539999999999998        58.862595023825151     
  0.15600000000000000        58.819864482583014     
  0.15659999999999999        58.777786981595391     
  0.15719999999999998        58.736360989962719     
  0.15780000000000000        58.695584876601629     
  0.15839999999999999        58.655456913036041     
  0.15899999999999997        58.615975276135558     
  0.15959999999999999        58.577138050802738     
  0.16019999999999998        58.538943232609306     
  0.16080000000000000        58.501388730382949     
  0.16139999999999999        58.464472368744637     
  0.16199999999999998        58.428191890598114     
  0.16259999999999999        58.392544959571481     
  0.16319999999999998        58.357529162412533     
  0.16379999999999997        58.323142011337779     
  0.16439999999999999        58.289380946336607     
  0.16499999999999998        58.256243337430725     
  0.16560000000000000        58.223726486889994     
  0.16619999999999999        58.191827631405332     
  0.16679999999999998        58.160543944219256     
  0.16739999999999999        58.129872537214702     
  0.16799999999999998        58.099810462963084     
  0.16859999999999997        58.070354716732069     
  0.16919999999999999        58.041502238453681     
  0.16979999999999998        58.013249914653571     
  0.17040000000000000        57.985594580341910     
  0.17099999999999999        57.958533020866696     
  0.17159999999999997        57.932061973730015     
  0.17219999999999999        57.906178130367756     
  0.17279999999999998        57.880878137893774     
  0.17340000000000000        57.856158600808584     
  0.17399999999999999        57.832016082673512     
  0.17459999999999998        57.808447107750851     
  0.17519999999999999        57.785448162610450     
  0.17579999999999998        57.763015697703416     
  0.17639999999999997        57.741146128903495     
  0.17699999999999999        57.719835839016461     
  0.17759999999999998        57.699081179258421     
  0.17820000000000000        57.678878470703197     
  0.17879999999999999        57.659224005699620     
  0.17939999999999998        57.640114049258855     
  0.17999999999999999        57.621544840412767     
  0.18059999999999998        57.603512593543336     
  0.18119999999999997        57.586013499683943     
  0.18179999999999999        57.569043727792845     
  0.18239999999999998        57.552599425999425     
  0.18300000000000000        57.536676722823437     
  0.18359999999999999        57.521271728368127     
  0.18419999999999997        57.506380535487288     
  0.18479999999999999        57.491999220926857     
  0.18539999999999998        57.478123846441484     
  0.18599999999999997        57.464750459886538     
  0.18659999999999999        57.451875096285917     
  0.18719999999999998        57.439493778876070     
  0.18779999999999999        57.427602520126705     
  0.18839999999999998        57.416197322738547     
  0.18899999999999997        57.405274180618527     
  0.18959999999999999        57.394829079832938     
  0.19019999999999998        57.384857999538561     
  0.19079999999999997        57.375356912892748     
  0.19139999999999999        57.366321787942226     
  0.19199999999999998        57.357748588491447     
  0.19259999999999999        57.349633274950499     
  0.19319999999999998        57.341971805163176     
  0.19379999999999997        57.334760135215603     
  0.19439999999999999        57.327994220225371     
  0.19499999999999998        57.321670015112041     
  0.19560000000000000        57.315783475348908     
  0.19619999999999999        57.310330557696794     
  0.19679999999999997        57.305307220919666     
  0.19739999999999999        57.300709426482875     
  0.19799999999999998        57.296533139234143     
  0.19859999999999997        57.292774328067445     
  0.19919999999999999        57.289428966570462     
  0.19979999999999998        57.286493033655546     
  0.20039999999999999        57.283962514174689     
  0.20099999999999998        57.281833399518767     
  0.20159999999999997        57.280101688201299     
  0.20219999999999999        57.278763386426974     
  0.20279999999999998        57.277814508645328     
  0.20339999999999997        57.277251078089833     
  0.20399999999999999        57.277069127302518     
  0.20459999999999998        57.277264698644480     
  0.20519999999999999        57.277833844792703     
  0.20579999999999998        57.278772629223170     
  0.20639999999999997        57.280077126680588     
  0.20699999999999999        57.281743423635241     
  0.20759999999999998        57.283767618726770     
  0.20819999999999997        57.286145823195490     
  0.20879999999999999        57.288874161301266     
  0.20939999999999998        57.291948770730329     
  0.20999999999999999        57.295365802990162     
  0.21059999999999998        57.299121423792613     
  0.21119999999999997        57.303211813425740     
  0.21179999999999999        57.307633167114176     
  0.21239999999999998        57.312381695368693     
  0.21299999999999999        57.317453624324813     
  0.21359999999999998        57.322845196070816     
  0.21419999999999997        57.328552668965436     
  0.21479999999999999        57.334572317945216     
  0.21539999999999998        57.340900434822032     
  0.21599999999999997        57.347533328570520     
  0.21659999999999999        57.354467325606223     
  0.21719999999999998        57.361698770054076     
  0.21779999999999999        57.369224024007671     
  0.21839999999999998        57.377039467779532     
  0.21899999999999997        57.385141500142382     
  0.21959999999999999        57.393526538561858     
  0.22019999999999998        57.402191019420499     
  0.22079999999999997        57.411131398233465     
  0.22139999999999999        57.420344149856099     
  0.22199999999999998        57.429825768683308     
  0.22259999999999999        57.439572768841153     
  0.22319999999999998        57.449581684370777     
  0.22379999999999997        57.459849069404619     
  0.22439999999999999        57.470371498335311     
  0.22499999999999998        57.481145565977357     
  0.22559999999999997        57.492167887721614     
  0.22619999999999998        57.503435099682775     
  0.22679999999999997        57.514943858840262     
  0.22739999999999999        57.526690843172105     
  0.22799999999999998        57.538672751782549     
  0.22859999999999997        57.550886305023148     
  0.22919999999999999        57.563328244607611     
  0.22979999999999998        57.575995333720435     
  0.23039999999999999        57.588884357119689     
  0.23099999999999998        57.601992121233756     
  0.23159999999999997        57.615315454252446     
  0.23219999999999999        57.628851206212374     
  0.23279999999999998        57.642596249076924     
  0.23339999999999997        57.656547476810715     
  0.23399999999999999        57.670701805448914     
  0.23459999999999998        57.685056173161264     
  0.23519999999999999        57.699607540311163     
  0.23579999999999998        57.714352889509840     
  0.23639999999999997        57.729289225665497     
  0.23699999999999999        57.744413576027988     
  0.23759999999999998        57.759722990228745     
  0.23819999999999997        57.775214540316220     
  0.23879999999999998        57.790885320786920     
  0.23939999999999997        57.806732448612138     
  0.23999999999999999        57.822753063260507     
  0.24059999999999998        57.838944326716359     
  0.24119999999999997        57.855303423494171     
  0.24179999999999999        57.871827560649002     
  0.24239999999999998        57.888513967783155     
  0.24299999999999997        57.905359897049053     
  0.24359999999999998        57.922362623148516     
  0.24419999999999997        57.939519443328393     
  0.24479999999999999        57.956827677372786     
  0.24539999999999998        57.974284667591903     
  0.24599999999999997        57.991887778807417     
  0.24659999999999999        58.009634398334811     
  0.24719999999999998        58.027521935962454     
  0.24779999999999996        58.045547823927677     
  0.24839999999999998        58.063709516889624     
  0.24899999999999997        58.082004491899568     
  0.24959999999999999        58.100430248367978     
  0.25019999999999998        58.118984308029084     
  0.25079999999999997        58.137664214902657     
  0.25139999999999996        58.156467535253014     
  0.25200000000000000        58.175391857545698     
  0.25259999999999999        58.194434792401474     
  0.25319999999999998        58.213593972547962     
  0.25379999999999997        58.232867052768938     
  0.25439999999999996        58.252251709851144     
  0.25500000000000000        58.271745642529176     
  0.25559999999999999        58.291346571427873     
  0.25619999999999998        58.311052239002755     
  0.25679999999999997        58.330860409478404     
  0.25739999999999996        58.350768868784769     
  0.25799999999999995        58.370775424491526     
  0.25860000000000000        58.390877905740680     
  0.25919999999999999        58.411074163177119     
  0.25979999999999998        58.431362068877519     
  0.26039999999999996        58.451739516277591     
  0.26099999999999995        58.472204420097484     
  0.26160000000000000        58.492754716265580     
  0.26219999999999999        58.513388361840967     
  0.26279999999999998        58.534103334933981     
  0.26339999999999997        58.554897634625576     
  0.26399999999999996        58.575769280885169     
  0.26460000000000000        58.596716314487118     
  0.26519999999999999        58.617736796925755     
  0.26579999999999998        58.638828810329279     
  0.26639999999999997        58.659990457372324     
  0.26699999999999996        58.681219861187252     
  0.26759999999999995        58.702515165274455     
  0.26819999999999999        58.723874533411340     
  0.26879999999999998        58.745296149560339     
  0.26939999999999997        58.766778217775830     
  0.26999999999999996        58.788318962110118     
  0.27059999999999995        58.809916626518344     
  0.27120000000000000        58.831569474762517     
  0.27179999999999999        58.853275790314690     
  0.27239999999999998        58.875033876259167     
  0.27299999999999996        58.896842055194028     
  0.27359999999999995        58.918698669131757     
  0.27420000000000000        58.940602079399092     
  0.27479999999999999        58.962550666536281     
  0.27539999999999998        58.984542830195522     
  0.27599999999999997        59.006576989038820     
  0.27659999999999996        59.028651580635163     
  0.27720000000000000        59.050765061357126     
  0.27779999999999999        59.072915906276890     
  0.27839999999999998        59.095102609061783     
  0.27899999999999997        59.117323681869216     
  0.27959999999999996        59.139577655241148     
  0.28019999999999995        59.161863077998248     
  0.28079999999999999        59.184178517133319     
  0.28139999999999998        59.206522557704695     
  0.28199999999999997        59.228893802728948     
  0.28259999999999996        59.251290873073415     
  0.28319999999999995        59.273712407348334     
  0.28380000000000000        59.296157061798716     
  0.28439999999999999        59.318623510195863     
  0.28499999999999998        59.341110443728709     
  0.28559999999999997        59.363616570894848     
  0.28619999999999995        59.386140617391490     
  0.28680000000000000        59.408681326006054     
  0.28739999999999999        59.431237456506601     
  0.28799999999999998        59.453807785532355     
  0.28859999999999997        59.476391106483760     
  0.28919999999999996        59.498986229412679     
  0.28980000000000000        59.521591980912341     
  0.29039999999999999        59.544207204007307     
  0.29099999999999998        59.566830758043416     
  0.29159999999999997        59.589461518577522     
  0.29219999999999996        59.612098377267422     
  0.29279999999999995        59.634740241761648     
  0.29339999999999999        59.657386035589298     
  0.29399999999999998        59.680034698049923     
  0.29459999999999997        59.702685184103437     
  0.29519999999999996        59.725336464260138     
  0.29579999999999995        59.747987524470723     
  0.29640000000000000        59.770637366016466     
  0.29699999999999999        59.793285005399483     
  0.29759999999999998        59.815929474233052     
  0.29819999999999997        59.838569819132232     
  0.29879999999999995        59.861205101604398     
  0.29940000000000000        59.883834397940220     
  0.29999999999999999        59.906456799104468     
