   0.00000000       0.00000000    
   5.9999999999999995E-004   1.8337393618258722     
   1.1999999999999999E-003   3.6122549183248305     
   1.8000000000000000E-003   5.3368661086275688     
   2.3999999999999998E-003   7.0088644667392002     
   2.9999999999999996E-003   8.6295141718046757     
   3.5999999999999999E-003   10.200052587989749     
   4.1999999999999997E-003   11.721690794167660     
   4.7999999999999996E-003   13.195614103598437     
   5.3999999999999994E-003   14.622982573784180     
   5.9999999999999993E-003   16.004931506680578     
   6.5999999999999991E-003   17.342571939441605     
   7.1999999999999998E-003   18.636991125871052     
   7.7999999999999996E-003   19.889253008751727     
   8.3999999999999995E-003   21.100398683219762     
   8.9999999999999993E-003   22.271446851348607     
   9.5999999999999992E-003   23.403394268104417     
   1.0199999999999999E-002   24.497216178831458     
   1.0799999999999999E-002   25.553866748423420     
   1.1399999999999999E-002   26.574279482333662     
   1.1999999999999999E-002   27.559367639574724     
   1.2599999999999998E-002   28.510024637854663     
   1.3199999999999998E-002   29.427124450995166     
   1.3799999999999998E-002   30.311521998773738     
   1.4400000000000000E-002   31.164053529329824     
   1.4999999999999999E-002   31.985536994271850     
   1.5599999999999999E-002   32.776772416620290     
   1.6199999999999999E-002   33.538542251718873     
   1.6799999999999999E-002   34.271611741243852     
   1.7399999999999999E-002   34.976729260439178     
   1.7999999999999999E-002   35.654626658702476     
   1.8599999999999998E-002   36.306019593645338     
   1.9199999999999998E-002   36.931607858748350     
   1.9799999999999998E-002   37.532075704729685     
   2.0399999999999998E-002   38.108092154743723     
   2.0999999999999998E-002   38.660311313523948     
   2.1599999999999998E-002   39.189372670582735     
   2.2199999999999998E-002   39.695901397577913     
   2.2799999999999997E-002   40.180508639954660     
   2.3399999999999997E-002   40.643791802969055     
   2.3999999999999997E-002   41.086334832197409     
   2.4599999999999997E-002   41.508708488634284     
   2.5199999999999997E-002   41.911470618479512     
   2.5799999999999997E-002   42.295166417713126     
   2.6399999999999996E-002   42.660328691555478     
   2.6999999999999996E-002   43.007478108907286     
   2.7599999999999996E-002   43.337123451863718     
   2.8199999999999996E-002   43.649761860394044     
   2.8799999999999999E-002   43.945879072276981     
   2.9399999999999999E-002   44.225949658380515     
   2.9999999999999999E-002   44.490437253372860     
   3.0599999999999999E-002   44.739794781950202     
   3.1199999999999999E-002   44.974464680664617     
   3.1799999999999995E-002   45.194879115434802     
   3.2399999999999998E-002   45.401460194820281     
   3.2999999999999995E-002   45.594620179138147     
   3.3599999999999998E-002   45.774761685500742     
   3.4199999999999994E-002   45.942277888850036     
   3.4799999999999998E-002   46.097552719064254     
   3.5399999999999994E-002   46.240961054210302     
   3.5999999999999997E-002   46.372868910014127     
   3.6599999999999994E-002   46.493633625620355     
   3.7199999999999997E-002   46.603604045710640     
   3.7799999999999993E-002   46.703120699049244     
   3.8399999999999997E-002   46.792515973523223     
   3.9000000000000000E-002   46.872114287742896     
   3.9599999999999996E-002   46.942232259267470     
   4.0200000000000000E-002   47.003178869519608     
   4.0799999999999996E-002   47.055255625450890     
   4.1399999999999999E-002   47.098756718019978     
   4.1999999999999996E-002   47.133969177543150     
   4.2599999999999999E-002   47.161173025976524     
   4.3199999999999995E-002   47.180641426187975     
   4.3799999999999999E-002   47.192640828275344     
   4.4399999999999995E-002   47.197431112987175     
   4.4999999999999998E-002   47.195265732300435     
   4.5599999999999995E-002   47.186391847209499     
   4.6199999999999998E-002   47.171050462778716     
   4.6799999999999994E-002   47.149476560510806     
   4.7399999999999998E-002   47.121899228081901     
   4.7999999999999994E-002   47.088541786493089     
   4.8599999999999997E-002   47.049621914687727     
   4.9199999999999994E-002   47.005351771682392     
   4.9799999999999997E-002   46.955938116259205     
   5.0399999999999993E-002   46.901582424265321     
   5.0999999999999997E-002   46.842481003565617     
   5.1599999999999993E-002   46.778825106693034     
   5.2199999999999996E-002   46.710801041240721     
   5.2799999999999993E-002   46.638590278038478     
   5.3399999999999996E-002   46.562369557156529     
   5.3999999999999992E-002   46.482310991777631     
   5.4599999999999996E-002   46.398582169978170     
   5.5199999999999992E-002   46.311346254458769     
   5.5799999999999995E-002   46.220762080263007     
   5.6399999999999992E-002   46.126984250523108     
   5.6999999999999995E-002   46.030163230270482     
   5.7599999999999998E-002   45.930445438347839     
   5.8199999999999995E-002   45.827973337459760     
   5.8799999999999998E-002   45.722885522397050     
   5.9399999999999994E-002   45.615316806470140     
   5.9999999999999998E-002   45.505398306186130     
   6.0599999999999994E-002   45.393257524202802     
   6.1199999999999997E-002   45.279018430593240     
   6.1799999999999994E-002   45.162801542453344     
   6.2399999999999997E-002   45.044724001884127     
   6.3000000000000000E-002   44.924899652380503     
   6.3599999999999990E-002   44.803439113656680     
   6.4199999999999993E-002   44.680449854939120     
   6.4799999999999996E-002   44.556036266756102     
   6.5400000000000000E-002   44.430299731253143     
   6.5999999999999989E-002   44.303338691063033     
   6.6599999999999993E-002   44.175248716758070     
   6.7199999999999996E-002   44.046122572912303     
   6.7799999999999999E-002   43.916050282800796     
   6.8399999999999989E-002   43.785119191761822     
   6.8999999999999992E-002   43.653414029248822     
   6.9599999999999995E-002   43.521016969596879     
   7.0199999999999999E-002   43.388007691529047     
   7.0799999999999988E-002   43.254463436427052     
   7.1399999999999991E-002   43.120459065390342     
   7.1999999999999995E-002   42.986067115107325     
   7.2599999999999998E-002   42.851357852561662     
   7.3199999999999987E-002   42.716399328596673     
   7.3799999999999991E-002   42.581257430360004     
   7.4399999999999994E-002   42.445995932650554     
   7.4999999999999997E-002   42.310676548189079     
   7.5599999999999987E-002   42.175358976833628     
   7.6199999999999990E-002   42.040100953760472     
   7.6799999999999993E-002   41.904958296630831     
   7.7399999999999997E-002   41.769984951763384     
   7.8000000000000000E-002   41.635233039332022     
   7.8599999999999989E-002   41.500752897608017     
   7.9199999999999993E-002   41.366593126265627     
   7.9799999999999996E-002   41.232800628769255     
   8.0399999999999999E-002   41.099420653860662     
   8.0999999999999989E-002   40.966496836163650     
   8.1599999999999992E-002   40.834071235923915     
   8.2199999999999995E-002   40.702184377901133     
   8.2799999999999999E-002   40.570875289429885     
   8.3399999999999988E-002   40.440181537666113     
   8.3999999999999991E-002   40.310139266035186     
   8.4599999999999995E-002   40.180783229897287     
   8.5199999999999998E-002   40.052146831446038     
   8.5799999999999987E-002   39.924262153855089     
   8.6399999999999991E-002   39.797159994688094     
   8.6999999999999994E-002   39.670869898586609     
   8.7599999999999997E-002   39.545420189250137     
   8.8199999999999987E-002   39.420838000722796     
   8.8799999999999990E-002   39.297149308000066     
   8.9399999999999993E-002   39.174378956969647     
   8.9999999999999997E-002   39.052550693699324     
   9.0599999999999986E-002   38.931687193085246     
   9.1199999999999989E-002   38.811810086873379     
   9.1799999999999993E-002   38.692939991066574     
   9.2399999999999996E-002   38.575096532729852     
   9.2999999999999985E-002   38.458298376205661     
   9.3599999999999989E-002   38.342563248751482     
   9.4199999999999992E-002   38.227907965610896     
   9.4799999999999995E-002   38.114348454529988     
   9.5399999999999985E-002   38.001899779729996     
   9.5999999999999988E-002   37.890576165347369     
   9.6599999999999991E-002   37.780391018352006     
   9.7199999999999995E-002   37.671356950954134     
   9.7799999999999998E-002   37.563485802510357     
   9.8399999999999987E-002   37.456788660938948     
   9.8999999999999991E-002   37.351275883654424     
   9.9599999999999994E-002   37.246957118031133     
  0.10020000000000000        37.143841321405510     
  0.10079999999999999        37.041936780626379     
  0.10139999999999999        36.941251131162581     
  0.10199999999999999        36.841791375776893     
  0.10260000000000000        36.743563902775236     
  0.10319999999999999        36.646574503839808     
  0.10379999999999999        36.550828391454658     
  0.10439999999999999        36.456330215932113     
  0.10500000000000000        36.363084082048381     
  0.10559999999999999        36.271093565296120     
  0.10619999999999999        36.180361727762168     
  0.10679999999999999        36.090891133637832     
  0.10740000000000000        36.002683864369864     
  0.10799999999999998        35.915741533458856     
  0.10859999999999999        35.830065300913041     
  0.10919999999999999        35.745655887364173     
  0.10979999999999999        35.662513587852807     
  0.11039999999999998        35.580638285289687     
  0.11099999999999999        35.500029463599994     
  0.11159999999999999        35.420686220557293     
  0.11219999999999999        35.342607280313281     
  0.11279999999999998        35.265791005630142     
  0.11339999999999999        35.190235409821263     
  0.11399999999999999        35.115938168406942     
  0.11459999999999999        35.042896630490660     
  0.11520000000000000        34.971107829861865     
  0.11579999999999999        34.900568495831472     
  0.11639999999999999        34.831275063804902     
  0.11699999999999999        34.763223685599030     
  0.11760000000000000        34.696410239507955     
  0.11819999999999999        34.630830340123055     
  0.11879999999999999        34.566479347912576     
  0.11939999999999999        34.503352378565893     
  0.12000000000000000        34.441444312107294     
  0.12059999999999998        34.380749801784390     
  0.12119999999999999        34.321263282735906     
  0.12179999999999999        34.262978980443442     
  0.12239999999999999        34.205890918972095     
  0.12299999999999998        34.149992929004149     
  0.12359999999999999        34.095278655670633     
  0.12419999999999999        34.041741566184776     
  0.12479999999999999        33.989374957281854     
  0.12539999999999998        33.938171962469504     
  0.12600000000000000        33.888125559092643     
  0.12659999999999999        33.839228575217007     
  0.12719999999999998        33.791473696335260     
  0.12780000000000000        33.744853471899468     
  0.12839999999999999        33.699360321683812     
  0.12899999999999998        33.654986541981259     
  0.12959999999999999        33.611724311637602     
  0.13019999999999998        33.569565697926841     
  0.13080000000000000        33.528502662270888     
  0.13139999999999999        33.488527065807567     
  0.13199999999999998        33.449630674809633     
  0.13260000000000000        33.411805165958718     
  0.13319999999999999        33.375042131477016     
  0.13379999999999997        33.339333084119922     
  0.13439999999999999        33.304669462032834     
  0.13499999999999998        33.271042633475020     
  0.13560000000000000        33.238443901413625     
  0.13619999999999999        33.206864507990574     
  0.13679999999999998        33.176295638865362     
  0.13739999999999999        33.146728427436450     
  0.13799999999999998        33.118153958943935     
  0.13860000000000000        33.090563274456336     
  0.13919999999999999        33.063947374743954     
  0.13979999999999998        33.038297224041365     
  0.14040000000000000        33.013603753701801     
  0.14099999999999999        32.989857865745535     
  0.14159999999999998        32.967050436304959     
  0.14219999999999999        32.945172318968517     
  0.14279999999999998        32.924214348026013     
  0.14340000000000000        32.904167341617345     
  0.14399999999999999        32.885022104787026     
  0.14459999999999998        32.866769432446688     
  0.14520000000000000        32.849400112247480     
  0.14579999999999999        32.832904927364766     
  0.14639999999999997        32.817274659196869     
  0.14699999999999999        32.802500089980128     
  0.14759999999999998        32.788572005321917     
  0.14820000000000000        32.775481196653857     
  0.14879999999999999        32.763218463606897     
  0.14939999999999998        32.751774616310144     
  0.14999999999999999        32.741140477615282     
  0.15059999999999998        32.731306885248330     
  0.15119999999999997        32.722264693890430     
  0.15179999999999999        32.714004777189366     
  0.15239999999999998        32.706518029703503     
  0.15300000000000000        32.699795368779768     
  0.15359999999999999        32.693827736367147     
  0.15419999999999998        32.688606100767366     
  0.15479999999999999        32.684121458324370     
  0.15539999999999998        32.680364835053695     
  0.15600000000000000        32.677327288213696     
  0.15659999999999999        32.674999907819732     
  0.15719999999999998        32.673373818102704     
  0.15780000000000000        32.672440178913497     
  0.15839999999999999        32.672190187074527     
  0.15899999999999997        32.672615077679652     
  0.15959999999999999        32.673706125343955     
  0.16019999999999998        32.675454645404287     
  0.16080000000000000        32.677851995072253     
  0.16139999999999999        32.680889574540316     
  0.16199999999999998        32.684558828042753     
  0.16259999999999999        32.688851244872090     
  0.16319999999999998        32.693758360352547     
  0.16379999999999997        32.699271756771239     
  0.16439999999999999        32.705383064268666     
  0.16499999999999998        32.712083961688911     
  0.16560000000000000        32.719366177391237     
  0.16619999999999999        32.727221490023609     
  0.16679999999999998        32.735641729259463     
  0.16739999999999999        32.744618776498250     
  0.16799999999999998        32.754144565531284     
  0.16859999999999997        32.764211083173265     
  0.16919999999999999        32.774810369860766     
  0.16979999999999998        32.785934520218305     
  0.17040000000000000        32.797575683593102     
  0.17099999999999999        32.809726064559051     
  0.17159999999999997        32.822377923391116     
  0.17219999999999999        32.835523576510596     
  0.17279999999999998        32.849155396902361     
  0.17340000000000000        32.863265814504508     
  0.17399999999999999        32.877847316571540     
  0.17459999999999998        32.892892448011409     
  0.17519999999999999        32.908393811697643     
  0.17579999999999998        32.924344068756675     
  0.17639999999999997        32.940735938831615     
  0.17699999999999999        32.957562200322734     
  0.17759999999999998        32.974815690605517     
  0.17820000000000000        32.992489306226915     
  0.17879999999999999        33.010576003080338     
  0.17939999999999998        33.029068796560118     
  0.17999999999999999        33.047960761695897     
  0.18059999999999998        33.067245033267717     
  0.18119999999999997        33.086914805902182     
  0.18179999999999999        33.106963334150372     
  0.18239999999999998        33.127383932548099     
  0.18300000000000000        33.148169975658909     
  0.18359999999999999        33.169314898100360     
  0.18419999999999997        33.190812194554276     
  0.18479999999999999        33.212655419761290     
  0.18539999999999998        33.234838188500099     
  0.18599999999999997        33.257354175552209     
  0.18659999999999999        33.280197115652300     
  0.18719999999999998        33.303360803424859     
  0.18779999999999999        33.326839093307505     
  0.18839999999999998        33.350625899461328     
  0.18899999999999997        33.374715195668834     
  0.18959999999999999        33.399101015219749     
  0.19019999999999998        33.423777450785167     
  0.19079999999999997        33.448738654280419     
  0.19139999999999999        33.473978836717066     
  0.19199999999999998        33.499492268044364     
  0.19259999999999999        33.525273276980514     
  0.19319999999999998        33.551316250834191     
  0.19379999999999997        33.577615635316590     
  0.19439999999999999        33.604165934344323     
  0.19499999999999998        33.630961709833549     
  0.19560000000000000        33.657997581485709     
  0.19619999999999999        33.685268226565000     
  0.19679999999999997        33.712768379668091     
  0.19739999999999999        33.740492832486254     
  0.19799999999999998        33.768436433560275     
  0.19859999999999997        33.796594088028385     
  0.19919999999999999        33.824960757367506     
  0.19979999999999998        33.853531459128114     
  0.20039999999999999        33.882301266662843     
  0.20099999999999998        33.911265308849359     
  0.20159999999999997        33.940418769807451     
  0.20219999999999999        33.969756888610782     
  0.20279999999999998        33.999274958993453     
  0.20339999999999997        34.028968329051708     
  0.20399999999999999        34.058832400940801     
  0.20459999999999998        34.088862630567519     
  0.20519999999999999        34.119054527278379     
  0.20579999999999998        34.149403653543693     
  0.20639999999999997        34.179905624637918     
  0.20699999999999999        34.210556108316254     
  0.20759999999999998        34.241350824487753     
  0.20819999999999997        34.272285544885278     
  0.20879999999999999        34.303356092732194     
  0.20939999999999998        34.334558342406304     
  0.20999999999999999        34.365888219100896     
  0.21059999999999998        34.397341698483338     
  0.21119999999999997        34.428914806351202     
  0.21179999999999999        34.460603618286115     
  0.21239999999999998        34.492404259305530     
  0.21299999999999999        34.524312903512616     
  0.21359999999999998        34.556325773744206     
  0.21419999999999997        34.588439141217250     
  0.21479999999999999        34.620649325173616     
  0.21539999999999998        34.652952692523570     
  0.21599999999999997        34.685345657487986     
  0.21659999999999999        34.717824681239456     
  0.21719999999999998        34.750386271542325     
  0.21779999999999999        34.783026982391910     
  0.21839999999999998        34.815743413652974     
  0.21899999999999997        34.848532210697428     
  0.21959999999999999        34.881390064041575     
  0.22019999999999998        34.914313708982966     
  0.22079999999999997        34.947299925236734     
  0.22139999999999999        34.980345536571917     
  0.22199999999999998        35.013447410447483     
  0.22259999999999999        35.046602457648362     
  0.22319999999999998        35.079807631921561     
  0.22379999999999997        35.113059929612341     
  0.22439999999999999        35.146356389300635     
  0.22499999999999998        35.179694091437860     
  0.22559999999999997        35.213070157983971     
  0.22619999999999998        35.246481752044993     
  0.22679999999999997        35.279926077511305     
  0.22739999999999999        35.313400378696208     
  0.22799999999999998        35.346901939975368     
  0.22859999999999997        35.380428085427027     
  0.22919999999999999        35.413976178472900     
  0.22979999999999998        35.447543621520062     
  0.23039999999999999        35.481127855603681     
  0.23099999999999998        35.514726360030828     
  0.23159999999999997        35.548336652025327     
  0.23219999999999999        35.581956286373646     
  0.23279999999999998        35.615582855072020     
  0.23339999999999997        35.649213986974807     
  0.23399999999999999        35.682847347443996     
  0.23459999999999998        35.716480638000142     
  0.23519999999999999        35.750111595974623     
  0.23579999999999998        35.783737994163253     
  0.23639999999999997        35.817357640481383     
  0.23699999999999999        35.850968377620525     
  0.23759999999999998        35.884568082706359     
  0.23819999999999997        35.918154666958458     
  0.23879999999999998        35.951726075351509     
  0.23939999999999997        35.985280286278233     
  0.23999999999999999        36.018815311213885     
  0.24059999999999998        36.052329194382523     
  0.24119999999999997        36.085820012424968     
  0.24179999999999999        36.119285874068531     
  0.24239999999999998        36.152724919798516     
  0.24299999999999997        36.186135321531516     
  0.24359999999999998        36.219515282290608     
  0.24419999999999997        36.252863035882264     
  0.24479999999999999        36.286176846575309     
  0.24539999999999998        36.319455008781681     
  0.24599999999999997        36.352695846739131     
  0.24659999999999999        36.385897714195849     
  0.24719999999999998        36.419058994097085     
  0.24779999999999996        36.452178098273734     
  0.24839999999999998        36.485253467132900     
  0.24899999999999997        36.518283569350430     
  0.24959999999999999        36.551266901565590     
  0.25019999999999998        36.584201988077609     
  0.25079999999999997        36.617087380544461     
  0.25139999999999996        36.649921657683521     
  0.25200000000000000        36.682703424974370     
  0.25259999999999999        36.715431314363762     
  0.25319999999999998        36.748103983972506     
  0.25379999999999997        36.780720117804584     
  0.25439999999999996        36.813278425458329     
  0.25500000000000000        36.845777641839696     
  0.25559999999999999        36.878216526877644     
  0.25619999999999998        36.910593865241694     
  0.25679999999999997        36.942908466061574     
  0.25739999999999996        36.975159162648978     
  0.25799999999999995        37.007344812221490     
  0.25860000000000000        37.039464295628633     
  0.25919999999999999        37.071516517080063     
  0.25979999999999998        37.103500403875906     
  0.26039999999999996        37.135414906139196     
  0.26099999999999995        37.167258996550522     
  0.26160000000000000        37.199031670084757     
  0.26219999999999999        37.230731943749980     
  0.26279999999999998        37.262358856328476     
  0.26339999999999997        37.293911468119937     
  0.26399999999999996        37.325388860686736     
  0.26460000000000000        37.356790136601454     
  0.26519999999999999        37.388114419196313     
  0.26579999999999998        37.419360852315009     
  0.26639999999999997        37.450528600066455     
  0.26699999999999996        37.481616846580756     
  0.26759999999999995        37.512624795767273     
  0.26819999999999999        37.543551671074759     
  0.26879999999999998        37.574396715253670     
  0.26939999999999997        37.605159190120496     
  0.26999999999999996        37.635838376324273     
  0.27059999999999995        37.666433573115071     
  0.27120000000000000        37.696944098114685     
  0.27179999999999999        37.727369287089324     
  0.27239999999999998        37.757708493724316     
  0.27299999999999996        37.787961089401051     
  0.27359999999999995        37.818126462975741     
  0.27420000000000000        37.848204020560459     
  0.27479999999999999        37.878193185305975     
  0.27539999999999998        37.908093397186811     
  0.27599999999999997        37.937904112788239     
  0.27659999999999996        37.967624805095234     
  0.27720000000000000        37.997254963283567     
  0.27779999999999999        38.026794092512695     
  0.27839999999999998        38.056241713720816     
  0.27899999999999997        38.085597363421783     
  0.27959999999999996        38.114860593504034     
  0.28019999999999995        38.144030971031420     
  0.28079999999999999        38.173108078045978     
  0.28139999999999998        38.202091511372736     
  0.28199999999999997        38.230980882426273     
  0.28259999999999996        38.259775817019374     
  0.28319999999999995        38.288475955173354     
  0.28380000000000000        38.317080950930524     
  0.28439999999999999        38.345590472168290     
  0.28499999999999998        38.374004200415342     
  0.28559999999999997        38.402321830669472     
  0.28619999999999995        38.430543071217478     
  0.28680000000000000        38.458667643456664     
  0.28739999999999999        38.486695281718269     
  0.28799999999999998        38.514625733092778     
  0.28859999999999997        38.542458757256881     
  0.28919999999999996        38.570194126302283     
  0.28980000000000000        38.597831624566325     
  0.29039999999999999        38.625371048464274     
  0.29099999999999998        38.652812206323460     
  0.29159999999999997        38.680154918219067     
  0.29219999999999996        38.707399015811703     
  0.29279999999999995        38.734544342186645     
  0.29339999999999999        38.761590751694804     
  0.29399999999999998        38.788538109795361     
  0.29459999999999997        38.815386292900108     
  0.29519999999999996        38.842135188219416     
  0.29579999999999995        38.868784693609882     
  0.29640000000000000        38.895334717423566     
  0.29699999999999999        38.921785178358938     
  0.29759999999999998        38.948136005313344     
  0.29819999999999997        38.974387137237166     
  0.29879999999999995        39.000538522989444     
  0.29940000000000000        39.026590121195227     
  0.29999999999999999        39.052541900104373     
